-2.0129938265661e-01  9.1170195004044e-01 -3.5815934000739e-01
-3.3934900094093e-01  8.5309018682952e-01 -3.9633242195861e-01
-3.2435835980044e-01  9.0590650123002e-01 -2.7225918801161e-01
 2.7172425320486e-01  1.1857236461562e-01 -9.5504268206700e-01
 1.5221096314522e-01  2.4982456204256e-01 -9.5625284883165e-01
 3.2253249161926e-01  2.5098889776046e-01 -9.1267593649162e-01
-4.3690476578755e-02  1.9256347367167e-01  9.8031140504628e-01
-1.0529941594797e-01  1.2101335612513e-01  9.8705004971397e-01
 4.2725408083025e-02  7.7488726713175e-02  9.9607732467741e-01
 4.2617458969509e-01  1.2540050476811e-01 -8.9590732361228e-01
 4.6336787173221e-01  2.6600094450409e-01 -8.4530095999549e-01
 5.6779278453547e-01  1.4081583004357e-01 -8.1103776474256e-01
 5.1368135922331e-01 -1.6494309914376e-03 -8.5797945229702e-01
 2.3676240019162e-01  1.2437905812904e-01  9.6357325396383e-01
 2.7902138770109e-01  2.2025079511008e-01  9.3468532269354e-01
 1.8964846359531e-01  2.3387949948685e-01  9.5358997476678e-01
-1.4766372001496e-01  2.0088544251653e-01  9.6842163584685e-01
-8.5821574312667e-02  2.7241796416442e-01  9.5834394148604e-01
 4.7789014027061e-01  3.9837571890998e-01 -7.8289066951592e-01
 3.5153065965349e-01  3.9670683938304e-01 -8.4796808837969e-01
 7.5669424246002e-01 -2.6546069356886e-02 -6.5322976786851e-01
 6.8587222549916e-01  1.5145496665400e-01 -7.1178696487409e-01
 7.8341356086633e-01  1.1342646299989e-01 -6.1106270557289e-01
-1.1452349386825e-01  4.5617045101867e-01  8.8249242997866e-01
-1.5786276113088e-02  4.4253004740857e-01  8.9661471693646e-01
-5.0399474167951e-02  5.1274684356763e-01  8.5705925548647e-01
-1.7979128474349e-01  2.9441769496579e-01  9.3861244122445e-01
-7.9883451523426e-02  3.6096598238564e-01  9.2915132983442e-01
-1.7647536511705e-01  3.9890797887067e-01  8.9984935955977e-01
 4.2285209006356e-01  1.0413637110658e-01  9.0019538220413e-01
 4.9047348901000e-01  2.2838014577770e-02  8.7115680659024e-01
 5.1363571698702e-01  1.1525344994538e-01  8.5023231678813e-01
 9.7508266930303e-02  2.8360175149691e-02  9.9483055760553e-01
 1.2937414866085e-01  1.0464356994226e-01  9.8605884861301e-01
 1.0542221527644e-01  4.0159259289880e-01 -9.0973047978785e-01
-1.7352678666988e-02  3.2352574790772e-01 -9.4606023855980e-01
 6.4330608957567e-01 -8.4369512250933e-03 -7.6556259898775e-01
-3.0076241772835e-01  5.2798623135994e-01  7.9421187826456e-01
-2.7072481211219e-01  4.3541205601369e-01  8.5855950148184e-01
-2.0651000822963e-01  4.9891248819356e-01  8.4168874628660e-01
-4.6437833960701e-02  5.8607092616757e-01  8.0892793070713e-01
 4.1200588999891e-02  5.3645852913700e-01  8.4292037463940e-01
 1.7129397970967e-01  2.9040865247310e-02  9.8479185651635e-01
 2.5563736477126e-01  1.4955017466139e-02  9.6665706700225e-01
-2.8381409686386e-01  6.2000845897256e-01  7.3146364860041e-01
-2.0959710477455e-01  6.9389402221553e-01  6.8889777151888e-01
-3.3460260366002e-01  6.7398192526744e-01  6.5862695210318e-01
 6.6911271378184e-01  4.1783875044436e-01  6.1457217223252e-01
 5.9300702207484e-01  3.7385373548319e-01  7.1314518594407e-01
 6.9138721814215e-01  3.2760940055184e-01  6.4393772622803e-01
-1.3170023194218e-01  5.5214983898973e-01  8.2327735557951e-01
-4.2390838729890e-01  6.9967593924812e-01  5.7511325772834e-01
-2.8961157194511e-01  7.4552201635502e-01  6.0026832377316e-01
 3.4051890221921e-01 -3.1992953285615e-02  9.3969320960167e-01
 3.2752472914485e-01  7.0123787441972e-02  9.4223681006071e-01
-2.0895580888999e-01  5.9689179507055e-01  7.7463388443095e-01
 7.9642535177779e-01 -3.4475340957969e-02  6.0375335188424e-01
 8.4759473868675e-01  2.8017449410028e-02  5.2990393608569e-01
 7.8606326885585e-01  8.9272732826089e-02  6.1166569016859e-01
-4.2975513909628e-01  8.0846728503425e-01  4.0210840509703e-01
-3.6145401265350e-01  7.8263054181958e-01  5.0679426964783e-01
-3.2461900594876e-01  8.5271512949367e-01  4.0926691646092e-01
-4.6301922036816e-01  7.4779400301958e-01  4.7583330129112e-01
 5.8502244828532e-01  1.7886576792547e-02  8.1081983533513e-01
 6.6953384456793e-01  3.2702123673703e-02  7.4206131962616e-01
 6.4003271837638e-01  1.0324600397155e-01  7.6137926296403e-01
-3.3373225190949e-01  9.2633936332113e-01  1.7469449904682e-01
-4.7189542722683e-01  8.5711763652042e-01  2.0655280905391e-01
-3.7916891600296e-01  8.7741805353327e-01  2.9388516885175e-01
 7.4914977967662e-01  2.1780771727969e-01  6.2556726728936e-01
 8.3021864257996e-01  1.5239514694141e-01  5.3620213045212e-01
-2.1778761022661e-01  9.5524906973879e-01  2.0016935728267e-01
-2.1142223764589e-01  9.7429532808067e-01  7.7776931727777e-02
-3.2671048487527e-01  5.4832424832997e-01 -7.6980567532719e-01
-3.8326944609694e-01  6.4741599100059e-01 -6.5875417743288e-01
-2.1057173225805e-01  6.5737726728113e-01 -7.2354313902893e-01
 9.1233566210692e-01  4.2815653342608e-02 -4.0719830485498e-01
 8.5513558985197e-01  1.8407076886106e-01 -4.8462467438154e-01
 7.3662795087051e-01  1.1875715370208e-02  6.7619392882572e-01
 7.1942621295997e-01  1.1799396628173e-01  6.8447304404716e-01
 9.8002372594967e-01  1.0964217851536e-01  1.6592796408722e-01
 9.5631198355224e-01  2.4480130565397e-01  1.5981148539604e-01
 9.3623456383036e-01  2.0786744004553e-01  2.8329484439060e-01
-4.1554570224795e-01  9.0836620770518e-01 -4.6825228697342e-02
-3.0582660441264e-01  9.4423138006062e-01 -1.2205404107304e-01
-4.0619884864817e-01  8.9494692803943e-01 -1.8458735425185e-01
 9.6126641364730e-01  8.5539954128989e-02  2.6201106511229e-01
 6.6267599639537e-01  7.0860747558972e-01 -2.4235504810043e-01
 7.6326020314125e-01  6.0766533917690e-01 -2.1949190842444e-01
 6.6828194422415e-01  6.5550369231973e-01 -3.5173022670678e-01
-1.5351146385305e-01  5.5226747126328e-01 -8.1941129516877e-01
-3.7309001064029e-02  6.4159891711032e-01 -7.6613240892320e-01
 1.7575285880312e-02  5.0503257493728e-01 -8.6292132177763e-01
 8.3358799847009e-01  5.5130449654058e-01  3.4560105624290e-02
 9.0865967973297e-01  4.1687246848796e-01 -2.3556982920745e-02
 8.4742171696144e-01  5.2055334424166e-01 -1.0440617520502e-01
-4.7212541440269e-01  8.2990205794070e-01 -2.9725438146624e-01
 9.0940801905071e-01  3.3773004145055e-01  2.4272509962522e-01
 8.3639570031781e-01  4.5854110987186e-01  3.0030365140530e-01
 8.8368688543145e-01  3.1656100200771e-01  3.4479939171109e-01
 9.0635959018088e-01 -2.4075635795946e-02  4.2182064559260e-01
 9.4866322935464e-01 -2.3439202325965e-03  3.1627928055496e-01
-3.1559808368383e-01  9.4860924351927e-01  2.3202428426421e-02
-7.1073927964006e-02  7.4111828828634e-01 -6.6760181210906e-01
 9.6861157182174e-01  1.5913079142505e-01 -1.9096862086075e-01
 9.2668992573136e-01  1.6314474310320e-01 -3.3856989580558e-01
 9.2288899919836e-01  2.8526273257333e-01 -2.5865240877178e-01
-2.2146456900583e-01  8.4506807994402e-01 -4.8663475516530e-01
-2.3691442919533e-01  7.4733516780634e-01 -6.2077508020130e-01
-3.5046929479634e-01  7.6554596385459e-01 -5.3954670847935e-01
 9.9833370996795e-01  5.6260365423417e-02 -1.2828671951698e-02
 9.9957898531299e-01  7.9191630415234e-03 -2.7913061053434e-02
 9.8187303289152e-01  1.7928871505787e-01 -6.1489055394505e-02
 7.5927905020989e-01  2.3500525866086e-01 -6.0685076609831e-01
 7.7845319474772e-01  3.3615195799738e-01 -5.3010610704046e-01
 9.5791008617773e-01  2.8633526465169e-01  2.0503244031845e-02
 9.8517776061316e-01  1.6041479458880e-01  6.0760790566541e-02
 9.9813254367879e-01  2.1111098935488e-02  5.7321433609471e-02
 5.8290877236073e-01  1.5160122754211e-01  7.9826964799661e-01
-1.8632913277275e-01  3.0628662608937e-01 -9.3352555238673e-01
-1.1223341518013e-01  4.3077994449683e-01 -8.9545089197360e-01
 3.7593833471693e-01  7.8697799901160e-01  4.8921978451608e-01
 2.6165521829465e-01  8.3133426104830e-01  4.9032631292483e-01
 3.1565525530915e-01  7.6807620053144e-01  5.5715411689487e-01
 7.1083960848652e-01  5.4438693560729e-01 -4.4536492379490e-01
 7.8784847367482e-01  4.3056405760133e-01 -4.4035142196901e-01
 6.7537145045822e-01  4.6879728284240e-01 -5.6930001888771e-01
-2.5798387143324e-01  9.1627964847240e-01  3.0639178819874e-01
-2.2730385782644e-01  8.7852444450859e-01  4.2015206368421e-01
-1.3413184758237e-01  9.1479466521822e-01  3.8099785819925e-01
-8.9641564622282e-02  9.5237145397523e-01 -2.9146698534343e-01
 2.8663214210795e-02  9.7606529779178e-01 -2.1558050607083e-01
 2.9642095693285e-02  9.3580373847469e-01 -3.5127298390242e-01
 2.9039377330569e-01  8.2916701330830e-01 -4.7765418501954e-01
 4.2452214841501e-01  8.3875634310418e-01 -3.4098202651696e-01
 4.2728891088581e-01  7.7822326165986e-01 -4.6020945410271e-01
 1.4348775508395e-01  9.4498375227028e-01 -2.9396763782115e-01
 8.8399369425878e-01  9.4388261342811e-02  4.5787116597510e-01
 7.5431522283773e-01  6.5604713575534e-01  2.4712350403732e-02
 6.8107813501485e-01  7.3113533435569e-01 -3.9669848263977e-02
 6.7687052397505e-01  7.3138659430154e-01  8.3186197471307e-02
-5.7740223903348e-03  9.3966158599928e-01  3.4205666849624e-01
 7.8729666434474e-02  9.6794089405636e-01  2.3852057612810e-01
 2.9714185405689e-01  6.4480777127776e-01  7.0422273228535e-01
 3.7321907916446e-01  6.5961582832657e-01  6.5239135338283e-01
 2.9669789664958e-01  7.2006746149124e-01  6.2727442879914e-01
 8.0649521540762e-01  5.5783319189537e-01  1.9592753135904e-01
 7.0122995825684e-01  6.7873012254200e-01  2.1817874872966e-01
 7.5252980794889e-01  5.8018225355713e-01  3.1158857617984e-01
-1.2468535230934e-01  1.7311806310618e-01 -9.7697681607388e-01
 1.0031261908516e-01  7.2343043313829e-01 -6.8307085054306e-01
 2.8473894783918e-02  8.2463555919889e-01 -5.6494728233754e-01
 5.5604772110518e-01  5.6867833342311e-01 -6.0614840175394e-01
 6.1572404709803e-01  6.1589562489877e-01 -4.9148395401658e-01
 5.8819845552213e-01  2.9412825322768e-01 -7.5333335753478e-01
 2.1299434839973e-01  5.0615428995193e-01 -8.3572797147938e-01
 2.3210754137895e-01  3.6476086669728e-01 -9.0170704741688e-01
-5.2344855183753e-04  6.4619944149894e-03 -9.9997898409406e-01
 1.6036363006374e-02  1.7417600484480e-01 -9.8458394989855e-01
 8.1022434471683e-02  9.9668269683615e-01  7.6789934039252e-03
 1.4527195904612e-01  9.8054326597671e-01 -1.3202636654328e-01
 1.7042853765318e-02  9.9579346154135e-01 -9.0027346328929e-02
-7.4599551331572e-02  9.9715611554820e-01  1.0704586211693e-02
-9.3865750823933e-02  9.8499862598107e-01 -1.4479961200801e-01
-1.9758767600144e-01  9.7846223855081e-01 -5.9755819988490e-02
 6.0523264809779e-01  7.8208594407289e-01 -1.4844196765115e-01
 7.0598207513780e-01  6.9353928974427e-01 -1.4350109116359e-01
 7.6324693449026e-01  6.3419116482879e-01  1.2351389980208e-01
 9.6719386878177e-01  2.6583632911225e-02 -2.5264467271684e-01
 9.9514004477881e-01  4.4368718650527e-02 -8.7907383551882e-02
 8.5802332885481e-01  4.0662963149097e-01 -3.1376473660121e-01
 7.7464613821905e-01  5.3513775793245e-01 -3.3697320453909e-01
 8.3588490333609e-01  4.9899506210309e-01 -2.2869271167124e-01
 6.6288514533883e-01  6.6838846613838e-01  3.3740204863384e-01
 2.7013855138726e-01  8.9363508456264e-01 -3.5838735844489e-01
 5.4741156933096e-01  4.6736734414199e-01 -6.9419618220809e-01
 6.7164597211055e-01  3.3903105357573e-01 -6.5874853537523e-01
 5.5825877173160e-01  7.7805857132031e-01 -2.8804861287589e-01
 5.4536292657922e-01  7.3066494492257e-01 -4.1074081435164e-01
 8.9969541958164e-01  4.0141640238655e-01 -1.7150225619172e-01
 1.2554970137546e-01  8.8586521615378e-01 -4.4663194164025e-01
 1.6853895365129e-01  8.0642450776079e-01 -5.6681049247953e-01
 4.6926697085667e-01  8.8265228239490e-01 -2.6710642936558e-02
 4.9450410925511e-01  8.5086464224178e-01 -1.7746843807441e-01
 3.9483366560927e-01  9.1189174903354e-01 -1.1207057841423e-01
 2.6975602414395e-01  9.2282547421101e-01  2.7499969379123e-01
 2.4120420825030e-01  8.8977820764228e-01  3.8744712042708e-01
 3.6265696081276e-01  8.7316912274010e-01  3.2566180596952e-01
 3.5985133520430e-01 -1.2731080979811e-02 -9.3292279215848e-01
 2.0474222167925e-01 -3.3098379832452e-02 -9.7825616272749e-01
 3.7804166039503e-01  5.2066224738132e-01 -7.6550331622900e-01
 2.5425095445221e-01  6.2892448120935e-01 -7.3471793846053e-01
 7.6714776774007e-01  4.9927538931071e-01  4.0275102492739e-01
 9.4835489763860e-01  2.9454803423908e-01 -1.1774737216078e-01
 2.1252668191487e-01  9.7714163761988e-01  5.1603782616472e-03
 2.7995407911707e-01  9.5345188059718e-01 -1.1205010027401e-01
 5.8169940990183e-01  8.1308817368339e-01 -2.2658736418206e-02
-4.2686717820587e-01  9.0040748851581e-01  8.3968844193644e-02
 1.7251140231691e-02  9.9309981131488e-01  1.1599639187085e-01
 1.4818856349911e-01  9.8190055450772e-01  1.1794681303668e-01
 4.1453533739739e-01  6.1669394396065e-01 -6.6921523707332e-01
-6.0261492499067e-02  8.9292590814403e-01 -4.4615230032685e-01
 4.5403331552569e-01  6.2539265133941e-01  6.3461624628071e-01
 5.3308859613195e-01  5.5353192057198e-01  6.3985854810416e-01
 5.1215219108416e-01  6.4055517981843e-01  5.7217933794875e-01
 8.4396675562014e-01  4.3659012145020e-02 -5.3461575553526e-01
 6.8915606944105e-01  5.7490340119842e-01  4.4107821442806e-01
 7.1502865065168e-01  4.7053500539993e-01  5.1704046015812e-01
 5.9555298622467e-01  7.5978888243099e-01  2.6083997916950e-01
 6.1005959243250e-01  7.8054815825451e-01  1.3627863488671e-01
 5.9839610732336e-01  6.0080249877245e-01  5.3005514449821e-01
 4.4048171658259e-01  8.0839186143761e-01  3.9048489819440e-01
 5.5278434331186e-01  7.4474378434251e-01  3.7387988107474e-01
 4.8152194271866e-01  8.2630202684725e-01  2.9216703973681e-01
 2.0209153256341e-02  7.2001138232851e-01  6.9366793168061e-01
-1.9682355612680e-02  7.8127273360879e-01  6.2387941190344e-01
-9.1183606558938e-02  7.1593828969962e-01  6.9218344045267e-01
 1.0032062510335e-02  1.4630257139639e-02  9.9984264426850e-01
 1.4062675300307e-01  5.0469498169566e-01  8.5176704079873e-01
 7.6479641073654e-02  4.3923791306992e-01  8.9510944594682e-01
 5.2565398986355e-01  3.1356614420322e-01  7.9079969407560e-01
 4.2870140089889e-01  3.1499775321232e-01  8.4675352041696e-01
 5.1118838608123e-01  2.2619972156850e-01  8.2916833025508e-01
-5.2695359423872e-01  8.4988679371631e-01 -3.5138846737317e-03
-5.3869623494661e-01  8.3705674364510e-01  9.5615764247407e-02
-5.0025284505700e-01  8.5455629546313e-01 -1.3957302352783e-01
-4.4343783417166e-01  7.8273834608151e-01 -4.3667329755634e-01
-1.1481419049772e-01  8.1839088757743e-01 -5.6307553382346e-01
 1.3065012804137e-01  9.4237709196419e-02 -9.8693961223987e-01
-2.9217894121221e-02  9.7337219027570e-01  2.2736071309925e-01
 4.1452470724718e-01  9.0438057201641e-01  1.0131657337729e-01
 2.8423562839041e-01  9.4955923630576e-01  1.3246646481255e-01
 3.8493890756940e-01  8.9758468184185e-01  2.1485757227089e-01
 3.1129208578821e-01  5.7027900923357e-01  7.6018358897914e-01
 2.2186639599483e-01  5.4588399018028e-01  8.0795171365195e-01
 3.1890715764665e-01  4.8435146438373e-01  8.1467900657318e-01
 1.3927420677879e-01  9.2813147024903e-01  3.4521684382357e-01
 9.2459703828109e-01  3.6472575511796e-01  1.0997927239013e-01
 8.6564106740465e-01  2.9729586556510e-01 -4.0284080073949e-01
 3.7356007275090e-01  7.3079873504215e-01 -5.7130209251072e-01
 6.3801304935182e-01  5.2257379572608e-01  5.6555811096405e-01
 8.7441782312285e-01  4.4316023079600e-01  1.9749045659455e-01
 2.4180131982229e-01  9.4258714288183e-01 -2.3035103604296e-01
 1.0972061963087e-01  6.0740935476834e-01 -7.8677522925403e-01
-1.0891472542786e-01  9.8385322406079e-01  1.4202259006988e-01
-1.2899888872775e-01  9.5281380903312e-01  2.7478197179364e-01
-4.7255682471548e-02  8.9037428405628e-01  4.5276984745609e-01
-1.5197974453812e-01  8.5461523613442e-01  4.9652286494887e-01
-7.1295671717822e-02  8.3187784378552e-01  5.5036004598177e-01
-1.6110068194488e-01  7.7863897685010e-01  6.0643871413913e-01
 9.8098160559000e-01 -2.7110476726200e-02  1.9219810494835e-01
 9.2530149226919e-01  1.0514160553641e-01  3.6436573822142e-01
 4.3094872535733e-03  6.4078280183148e-01  7.6771012055112e-01
-2.6182585414569e-01  4.4009155271702e-01 -8.5893343591224e-01
 7.7832937613275e-01  4.0806765858817e-01  4.7716262244981e-01
 4.7002324130280e-01  7.5002761884342e-01  4.6533506595493e-01
-2.0642747724333e-01  9.5478556915144e-01 -2.1394441703189e-01
 8.2426050204430e-01  3.9924618797897e-01  4.0149359416302e-01
 8.3199846959289e-01  3.1460744243048e-01  4.5694715642232e-01
 4.9527857160460e-01  6.7715160468081e-01 -5.4421029096068e-01
 2.6591655274107e-01  7.2657658891617e-01 -6.3354151199211e-01
 1.9379988066822e-01  7.1783293214370e-01  6.6869835335744e-01
 2.1039474380726e-01  7.9033473321809e-01  5.7541729314243e-01
 3.7191175722546e-02  8.4757485360705e-01  5.2937102676796e-01
 1.5346555877381e-01  8.6455058207064e-01  4.7854008537588e-01
 6.1448011957066e-02  9.0197488129597e-01  4.2739379421986e-01
 6.6201812346907e-01  2.7643418198153e-01  6.9664635736555e-01
 4.1470708924533e-01  4.2307418454888e-01  8.0562166337430e-01
 3.3458613303073e-01  3.9241245005898e-01  8.5677569329566e-01
 3.4168137546609e-01  9.3980041767857e-01  5.3863337060995e-03
 5.2366894100211e-01  8.4858148993170e-01  7.5367732983193e-02
 3.6368893310783e-01  9.0072990649940e-01 -2.3752051589805e-01
 1.4451873762480e-01  1.7482760162885e-01  9.7393513345810e-01
 4.1840045177462e-01  5.7347170720506e-01  7.0432326597245e-01
 7.7897495475465e-01  6.2184359487191e-01 -8.0675667842095e-02
 8.8378469540435e-01  2.1044503049145e-01  4.1789651985928e-01
 8.1327181591083e-01  2.4732056613093e-01  5.2670816493936e-01
 7.5430772674017e-01  3.4307103765597e-01  5.5975183474619e-01
-1.1810220719967e-01  6.4456077011728e-01  7.5537625212896e-01
-4.4100663690474e-01  6.3027433870955e-01  6.3895806135474e-01
 4.9936951260584e-01  4.7647805850705e-01  7.2360123662219e-01
 4.0077012469772e-01  5.0734947513419e-01  7.6287601694564e-01
 2.3696653146255e-01  3.7088815668531e-01  8.9793587643950e-01
 2.4002735185776e-01  4.5746993348326e-01  8.5621733824945e-01
-4.8891583353857e-01  8.1366323238250e-01  3.1450509055364e-01
 1.6192002362082e-01  4.1899940246646e-01  8.9343237387246e-01
 1.2576143526639e-01  3.3597657060657e-01  9.3343655671030e-01
 3.6918847437142e-01  2.4373418846545e-01  8.9682412755478e-01
 3.4350195657897e-01  1.5657877547509e-01  9.2600728555295e-01
 1.1084330324259e-01  8.0082297650217e-01  5.8855443455341e-01
 5.9343516070678e-01  2.5801102990659e-01  7.6240738354469e-01
 8.7383070821773e-01  4.7700664479025e-01  9.4257913204433e-02
 4.1855316818316e-01  7.1164107768292e-01  5.6425191356178e-01
 5.3070251296961e-01  6.9125381434473e-01  4.9043144972728e-01
 5.0593190965495e-01  8.4222259547233e-01  1.8626326118894e-01
 6.1389480597578e-01  6.6034384812732e-01  4.3252649564664e-01
 5.8947246530199e-01  4.6938892927203e-01  6.5741634123868e-01
 4.3973771463924e-01  1.9695373400782e-01  8.7626478246260e-01
 1.8892474508802e-01  9.5630650116633e-01  2.2312623449615e-01
 4.9685652960765e-01  3.8935960650593e-01  7.7558538266770e-01
-2.5374934072053e-01  8.1734938152637e-01  5.1725357476034e-01
 2.5992850507896e-02  3.6636669613817e-01  9.3010742158273e-01
-3.7679190922312e-01  5.8818627863669e-01  7.1558700293361e-01
 8.6624283807385e-02  7.4565310354239e-01  6.6067971259338e-01
-1.7060634325972e-02  8.1711282862850e-02  9.9651001049127e-01
 4.4501663138080e-02  1.7423080665356e-01  9.8369874859674e-01
 9.7665039717801e-02  2.5143152056355e-01  9.6293495651784e-01
 3.3672556558845e-01  8.4446460645300e-01  4.1652781651088e-01
 2.0755125402334e-01  6.3097417746011e-01  7.4752529343954e-01
 1.0869694250751e-01  6.7294375514015e-01  7.3166363658952e-01
 3.2088124465465e-01  3.1199247251213e-01  8.9425719115065e-01
 4.0496017643505e-01  2.3535044755999e-02  9.1403137646912e-01
-2.4856671769556e-01  3.5069060610856e-01  9.0290126018367e-01
 6.6640144714288e-01  1.9118540561973e-01  7.2066445168601e-01
 1.1457987835721e-01  5.9406670160712e-01  7.9621366825575e-01
 1.1992302520499e-02  2.8358076001947e-01  9.5887336871301e-01
 2.2734625838871e-01  2.9915938478685e-01  9.2672398333625e-01
-2.9486704862609e-01 -4.9383410041612e-01  8.1803502669552e-01
-3.5433523563002e-01 -3.9651971565795e-01  8.4688762884196e-01
-4.1561686564164e-01 -4.6668932616008e-01  7.8068155725781e-01
-4.1841374500151e-01  6.4368188376809e-02 -9.0597277791272e-01
-2.8716078194886e-01 -4.3393035479725e-02 -9.5689901754698e-01
-4.0191573978310e-01 -1.0249162888578e-01 -9.0992263633946e-01
-4.1937560211517e-01  4.0448930612856e-01 -8.1271920463231e-01
-3.3613526137324e-01  3.1892009473606e-01 -8.8617326705057e-01
-3.0901614651209e-01  1.9737512177088e-01 -9.3035051593512e-01
-2.6733926093973e-01  9.0793935606647e-02 -9.5931547512654e-01
-5.5676481037533e-01  7.4107829803449e-02 -8.2735782796173e-01
-6.7814891053911e-01  8.7834995130448e-02 -7.2965681574631e-01
-5.9711875918347e-01  2.0794985865629e-01 -7.7472965847192e-01
-4.8179761267961e-01  5.0330351049766e-01 -7.1732603238483e-01
-5.4786355056267e-01  5.6830687135275e-01 -6.1389969045285e-01
-2.8799175409041e-01 -1.9933740281619e-01 -9.3665647353468e-01
-1.9918235000266e-01 -3.4225421887336e-01 -9.1825292872433e-01
-3.3556420834053e-01 -3.2881373245916e-01 -8.8276734841467e-01
-5.5373853391320e-01  3.4746870474937e-01 -7.5672923511614e-01
-4.6377689440473e-01  2.2815637072935e-01 -8.5606989359042e-01
-5.5343732561661e-01  7.2929271955665e-01 -4.0229250032284e-01
-4.8375997759372e-01  6.8659618956502e-01 -5.4273562307381e-01
-6.3995557601658e-01 -4.0051401451341e-01 -6.5577845718172e-01
-4.9078342449247e-01 -4.9827206744768e-01 -7.1474231513523e-01
-5.9038477028179e-01 -5.3233213488204e-01 -6.0668634498499e-01
-3.2582978069118e-01 -5.5549404511588e-01 -7.6502373809937e-01
-4.2084826023491e-01 -4.1140756695981e-01 -8.0847421462003e-01
-8.9098954551712e-01  1.4718910435853e-01 -4.2950319828533e-01
-8.3589252102882e-01  5.7610461820704e-02 -5.4586145492871e-01
-9.0545091329223e-01  1.1782458172599e-02 -4.2428742297843e-01
-6.1003310399391e-01  6.2104480003120e-01 -4.9210056734956e-01
-5.5471668769265e-01 -3.4026692950896e-01 -7.5928111597605e-01
-6.6704308678793e-01  6.5110109965700e-01 -3.6210617005773e-01
-7.1888256426899e-01  5.5013865457225e-01 -4.2491801507523e-01
-5.8655303690754e-01 -7.2470880438704e-01 -3.6159740560248e-01
-7.1220061408047e-01 -6.4690831388456e-01 -2.7254342540308e-01
-6.8623473250062e-01 -6.0104125298505e-01 -4.0967219105031e-01
-4.9680852061255e-01 -6.0842519502495e-01 -6.1886999919661e-01
-4.3365804979202e-01 -7.8301206900967e-01 -4.4590671180839e-01
-5.7315829772930e-01 -6.5370818043293e-01 -4.9412061339223e-01
-6.5202392859497e-01  7.5717831139468e-01  3.9316679578619e-02
-5.7724190223868e-01  7.9327704411427e-01 -1.9365773307874e-01
-6.8363371910415e-01  7.1858614778135e-01 -1.2758873900379e-01
-6.0168999384822e-01  7.9520374519738e-01 -7.4967692554744e-02
-5.5520414717471e-01  7.3429324473740e-01  3.9059158425780e-01
-6.3503507695536e-01 -6.5870398113483e-01  4.0353378578927e-01
-6.6240602718913e-01 -6.9490072235443e-01  2.7987718952211e-01
-5.7214266069014e-01 -7.4383417600980e-01  3.4549022333235e-01
-7.6975175816673e-01  5.5361762406671e-01  3.1778885619536e-01
-8.5429830005458e-01  4.4196921980893e-01  2.7356466011775e-01
-8.0114712132294e-01  4.5373511416633e-01  3.9024061317145e-01
-5.6642333307913e-01 -7.9191707110540e-01 -2.2810515170724e-01
-4.9638669435140e-01 -8.5429770305989e-01 -1.5419365816233e-01
-6.2014497670896e-01 -7.8001787929257e-01 -8.3620068443923e-02
-6.7069624312066e-01  6.6565844602814e-01  3.2720846977919e-01
-5.8499485371336e-01  7.6390810029063e-01  2.7244345365460e-01
-8.1233398518077e-01 -5.8278206065191e-01 -2.1876158315658e-02
-7.2855983267148e-01 -6.7513348631610e-01 -1.1573826451255e-01
-7.0823296715605e-01 -7.0588604962190e-01  1.1443302955151e-02
-6.7297689814425e-01  7.1584082420403e-01  1.8620958344575e-01
-5.9622201180001e-01 -7.7527080037765e-01  2.0850539256081e-01
-4.8377937115049e-01  5.5338552968265e-01  6.7802800501682e-01
-5.4824318250030e-01  6.0566619496867e-01  5.7671299024222e-01
-4.6427969005020e-01 -8.8366737190125e-01  5.9802552153187e-02
-5.0119434583975e-01 -8.4842194699519e-01  1.7024813524724e-01
-5.9775051483361e-01 -7.9906296603326e-01  6.4751048873956e-02
-7.2054247609652e-01 -6.0403763067804e-01  3.4052471403050e-01
-7.9939160558950e-01 -5.0082160910573e-01  3.3188970572434e-01
-7.4834982032956e-01 -6.2039187998245e-01  2.3470505249048e-01
-3.3468001282105e-01  3.5037956133956e-01  8.7477051391413e-01
-3.5768442807377e-01  4.3840448009044e-01  8.2453827185290e-01
-5.1686399135225e-01 -6.5363380816404e-01  5.5282407623800e-01
-5.3576350807680e-01 -7.1043522870902e-01  4.5633238896927e-01
-4.3997617816503e-01  4.2404467825562e-01  7.9158516502672e-01
-4.0651825004618e-01  5.1072778524208e-01  7.5756190622359e-01
-4.2818034972851e-01 -7.3913457323313e-01  5.1994391116528e-01
-4.2359348729567e-01 -6.7881324716454e-01  5.9981758309892e-01
-4.5710610760128e-01 -5.4390706409127e-01  7.0371806288117e-01
-5.2157726948007e-01 -4.7839607471933e-01  7.0646609802230e-01
-4.9713179157919e-01  2.6167647920854e-01  8.2727589232993e-01
-5.0601709998125e-01  3.5754563489468e-01  7.8492535536465e-01
-5.9035356729820e-01  3.0084605254461e-01  7.4898218820384e-01
-4.3630767700469e-02 -1.2987798671469e-01  9.9056956579374e-01
-4.2631831542997e-02 -2.9613997436001e-02  9.9865186030726e-01
-1.2540405310205e-01 -1.1412015264094e-01  9.8552037737775e-01
-5.3053448291496e-02  3.1170754468796e-02  9.9810506245096e-01
-1.5069085569255e-01  4.8433021063637e-02  9.8739379605165e-01
-2.1079799966337e-01 -1.8235946214342e-01  9.6036931953530e-01
-2.8512614209033e-01 -1.0025133173550e-01  9.5323279086587e-01
-3.2609783855514e-01 -2.0095848655401e-01  9.2372933609992e-01
-2.0304408677256e-01  1.1309494579660e-01  9.7261638484140e-01
-4.7526204939813e-01  8.1146454483113e-02  8.7609430846611e-01
-5.1900782078557e-01 -9.5727061502194e-03  8.5471588569557e-01
-4.2288877064494e-01 -3.3162786252879e-04  9.0618153682657e-01
-2.4231954349866e-01  1.9794868317930e-01  9.4978816462735e-01
-4.2353118158673e-01  3.4394897530444e-01  8.3804560771522e-01
-5.0737098622566e-01 -3.9104730071859e-01  7.6789106710334e-01
-4.3810067968610e-01 -3.6508487242212e-01  8.2145044305003e-01
-5.1161005185514e-01 -2.9068838081734e-01  8.0855143318071e-01
-3.8258907168690e-01 -6.2739538834871e-01  6.7823346194694e-01
-4.7720400204561e-01 -6.0785166892471e-01  6.3465950636313e-01
-1.0890276601453e-01 -2.0676857218070e-01  9.7231010748256e-01
-2.2518206729073e-01 -3.3801062077555e-01  9.1380624686725e-01
-2.4723587130017e-01 -2.5692801032786e-01  9.3427106422676e-01
-3.1704103037934e-01 -3.1363571892039e-01  8.9505174200897e-01
-2.5983594498971e-01 -4.1300350873041e-01  8.7287649955058e-01
-5.1887619957738e-01 -7.3183871817756e-02 -8.5171098995956e-01
-6.4807042412224e-01 -6.5650226500753e-02 -7.5874552594293e-01
-6.5624967730807e-01 -3.5347934585315e-01  6.6662486683913e-01
-7.0397345553497e-01 -4.1701651242256e-01  5.7490747278939e-01
-6.1924194852883e-01 -4.6147887994468e-01  6.3527683142645e-01
-5.9001190689584e-01  7.9082469705527e-01  1.6273367275572e-01
-7.5136486833263e-01 -3.4474903648478e-01 -5.6267125080130e-01
-7.8334792672484e-01 -1.9399732315895e-01 -5.9053455809381e-01
-6.8561482145176e-01 -2.3151788195390e-01 -6.9016794111380e-01
-4.5161142071787e-01 -2.4206187366876e-01 -8.5875093827789e-01
-9.8772479435617e-01 -1.2471919663381e-01  9.4047076536566e-02
-9.6740056417897e-01 -1.5511008750377e-01  2.0019243037833e-01
-9.8673167484530e-01 -2.9754195912191e-02  1.5960980446895e-01
-3.7143877548314e-01 -6.3721979181637e-01 -6.7526600165052e-01
-9.6890438565917e-01  2.3695522250373e-01 -7.1249659498374e-02
-9.9713233907304e-01  6.3720813633517e-02 -4.0825926622867e-02
-9.7855993107131e-01  2.0326752804668e-01  3.3208031310279e-02
-7.5384712814440e-01  3.6189443556625e-01 -5.4840397964880e-01
-8.0177110752174e-01  4.3757571110900e-01 -4.0705108793714e-01
-6.8458790594636e-01  4.9216625751052e-01 -5.3769115112680e-01
-9.3470479061116e-01 -3.4972169445348e-01 -6.3416802482711e-02
-8.9233996909841e-01 -4.4954927178005e-01  4.0433053204954e-02
-9.4573094049300e-01 -3.2267106310689e-01  3.8423602481837e-02
-5.6252720014108e-01 -5.5435088121432e-01  6.1339893185295e-01
-5.2878128268799e-01  6.8292376891140e-01  5.0398956431129e-01
-9.6072278549771e-01  2.3950403544932e-01  1.4017683984533e-01
-9.6030482430019e-01  1.6200693917345e-01  2.2708675893903e-01
-9.2699171810577e-01  2.7183109770244e-01  2.5844575617563e-01
-6.9266295394241e-01  2.6502052183323e-01 -6.7080709242152e-01
-6.2762023387009e-01  4.2251092138587e-01 -6.5389400008451e-01
-1.3945909882614e-01 -2.3895912480781e-01 -9.6096290065001e-01
-8.5384173232975e-01 -2.2114753387875e-01 -4.7121976230998e-01
-3.6996279440818e-01 -9.6027074553235e-02  9.2407052312388e-01
-7.3916792484797e-01  7.7435935071997e-02  6.6905489672782e-01
-8.0195149276832e-01  2.7668488181043e-02  5.9674806912838e-01
-7.3961835823183e-01 -2.6338036066992e-02  6.7251096052227e-01
-5.7931703011335e-01 -1.9601165547527e-01 -7.9118342344774e-01
-1.4903149260275e-01  3.0250135991319e-02 -9.8836963909516e-01
-1.4551315990925e-01 -1.0319366718139e-01 -9.8395985047505e-01
-6.1013326717591e-01  7.4164058889309e-01 -2.7875909526247e-01
-8.6077500960059e-01  4.9666297228155e-01 -1.1132059473231e-01
-9.1904165683052e-01  3.7326748381633e-01 -1.2662471534274e-01
-8.9497705669964e-01  4.4603843614750e-01 -8.1105770666684e-03
-8.7646957272398e-01 -4.3368862788738e-01  2.0908195075187e-01
-8.4489691636691e-01 -5.2533246451998e-01  1.0087121707922e-01
-9.9813143884257e-01 -2.0392955086760e-02 -5.7599984174470e-02
-9.5086137402692e-01  5.7817851442523e-02 -3.0417058279560e-01
-9.6762845864946e-01 -5.9191889805162e-02 -2.4533953247076e-01
-8.5407257030286e-01  8.4132350242322e-02  5.1330477525440e-01
-8.4783627708458e-01 -5.6650000959239e-02  5.2722331573128e-01
-9.0467029759768e-01 -2.6300805817146e-01 -3.3525872692802e-01
-9.1689303462822e-01 -3.4166675852223e-01 -2.0632738347385e-01
-9.5183914807397e-01 -1.9153569407268e-01 -2.3940825819073e-01
-7.9977399163832e-01 -5.7581353156899e-01 -1.6970662674439e-01
-9.2757096759861e-01 -2.8638190216886e-01  2.3999480448195e-01
-9.6366998134101e-01 -6.1312565105511e-02  2.5996333668886e-01
-5.8695872576534e-01  1.9743929895183e-01  7.8517334231197e-01
-6.6288152516790e-01  2.2631334131298e-01  7.1370186712298e-01
-9.2144575628204e-01 -1.1218786946883e-01 -3.7195644929731e-01
-9.8522965620098e-01 -1.1694812498146e-01 -1.2508261512066e-01
-8.5661920841021e-01 -4.6724207976661e-01 -2.1883411680550e-01
-8.7806246253790e-01 -4.6830958055300e-01 -9.8450234352953e-02
-9.4103640037468e-01  3.3628303439060e-01  3.6935267034525e-02
-8.0638955848579e-01  2.1774897612505e-01 -5.4983748813771e-01
-6.5182079424844e-01 -7.2690006039834e-01 -2.1620812745643e-01
-7.3414376213332e-01  4.6257055875186e-01  4.9705272828617e-01
-8.1374957744012e-01  3.5383690792186e-01  4.6109767707973e-01
-8.8104820372519e-01  4.5856161559884e-01  1.1608319177211e-01
-9.1367680558180e-01  3.5971057150369e-01  1.8921680604621e-01
-8.2546505119453e-01  5.6445094287963e-01  1.6069656860334e-03
-7.4386979012578e-01  6.6249944205067e-01  8.8046718398705e-02
-7.4379372132648e-01  6.6747783121627e-01 -3.5273856468187e-02
-7.5022041688090e-01 -4.6872658808444e-01  4.6633111811006e-01
-7.7994944348126e-01 -3.5939581611521e-01  5.1236072543879e-01
-7.5891083063886e-01  1.1649357787423e-01 -6.4068993862328e-01
-7.5525719283490e-01 -5.3326029588384e-02 -6.5325562166696e-01
-8.4979210149557e-01 -8.4505427816586e-02 -5.2030012195394e-01
-8.5300639766235e-01  2.9641848183045e-01 -4.2955345322374e-01
-8.5953192996330e-01  2.2156497656241e-01  4.6055816411662e-01
-8.7427444252248e-01  3.3777579080166e-01  3.4864267423872e-01
-6.2015975182462e-01  6.4496677142391e-01  4.4656438054981e-01
-7.1672850910020e-01  5.6299339920485e-01  4.1150780878955e-01
-6.8089089321350e-01 -5.0328783699792e-01 -5.3206103472147e-01
-9.7061673300323e-01  4.8485243902299e-02  2.3569543639595e-01
-9.0206206526308e-01  1.0218345941866e-01  4.1933586900544e-01
-9.3504531534783e-01 -2.2088062011170e-02  3.5383947739428e-01
-8.9356557910345e-01 -1.1537657852293e-02  4.4878440067899e-01
-7.8894734160201e-01  5.9555932219433e-01 -1.5123222515904e-01
-5.9098803561650e-01 -3.0416982182680e-01  7.4713711007285e-01
-5.9549619104665e-01 -1.9397166035138e-01  7.7958917477699e-01
-6.7005690913487e-01 -2.4400067991963e-01  7.0106162833191e-01
-2.9055458224379e-01  2.7059818511326e-01  9.1779881071537e-01
-6.8236921725444e-01  2.1716330221017e-04  7.3100766356015e-01
-6.5528590996079e-01  1.1120706538006e-01  7.4715016216047e-01
-4.6832169331162e-01 -8.2472795612331e-01 -3.1701512576279e-01
-8.8715431111997e-01  3.5443867564501e-01 -2.9551726424738e-01
-9.2628837924513e-01  2.0828235867363e-01 -3.1401958146074e-01
-9.4141766647234e-01  2.7110536466679e-01 -2.0058578838658e-01
-9.8523686677201e-01  2.3247278401101e-02 -1.6961096780637e-01
-9.7292543833563e-01  1.4485118973265e-01 -1.8009504233170e-01
-8.1195413473380e-01  5.7131236028809e-01  1.1971912992811e-01
-6.8516546972232e-01 -7.1391763935829e-01  1.4446412465829e-01
-7.7252932170100e-01 -6.2658454544286e-01  1.0290896231306e-01
-7.6816934867230e-01 -4.6443946244153e-01 -4.4069472141994e-01
-8.3056315648699e-01 -3.4209219452840e-01 -4.3947442875451e-01
-4.4465780897987e-01 -7.0220386393928e-01 -5.5604780943905e-01
-7.2958660369684e-01 -3.0852038672334e-01  6.1034298446218e-01
-2.6812308561788e-01 -4.5878020460032e-01 -8.4713088411746e-01
-9.7801970375522e-01 -2.0814782401122e-01 -1.2326492848386e-02
-9.6299417892257e-01 -2.4179167730933e-01  1.1907559004757e-01
-9.9636470718283e-01 -8.4750586648546e-02  8.6433988227341e-03
-9.6059934102554e-01 -2.4561361864685e-01 -1.3008787936048e-01
-7.7359474679907e-01  5.5646756909260e-01 -3.0314190121634e-01
-8.4887149304311e-01  4.6886438202630e-01 -2.4409706996572e-01
-8.1817850734592e-01 -4.0187989990406e-01  4.1118910025717e-01
-8.7073707459499e-01 -3.7311758702801e-01  3.2031268032370e-01
-8.5337544653244e-01 -4.0385551180688e-01 -3.2962262185529e-01
-9.2242892756475e-01 -3.6064682129710e-01  1.3805340951981e-01
-8.5380000652162e-01 -2.8492801608816e-01  4.3570812995828e-01
-8.9815472682702e-01 -1.3700494807002e-01  4.1778909856841e-01
-9.0196118685299e-01 -2.5243400920045e-01  3.5034709704768e-01
-9.9386548124114e-01  6.7319516179483e-02  8.7746726085272e-02
-9.9865119730262e-01 -1.7540182666711e-02  4.8868477754598e-02
-9.4106423913216e-01  1.0027755455957e-01  3.2302091244709e-01
-5.5886745570727e-01  4.0502437824984e-01  7.2361759236120e-01
-5.7495600971768e-01  4.9680702439430e-01  6.5008335419545e-01
-6.2080093390791e-01  3.9352922732018e-01  6.7804199553114e-01
-3.9263552452106e-01  2.6389981711422e-01  8.8101885984986e-01
-2.4026765608779e-01  7.5188883392448e-03  9.7067755704777e-01
-2.9154994923611e-01  9.8198663194967e-02  9.5150178646556e-01
-1.5021267098509e-01 -2.8994203981937e-01  9.4518239881036e-01
-7.1241392427832e-01  6.5922967802951e-01 -2.4058809633788e-01
-9.1259942368883e-01  2.1014859943260e-01  3.5071335594662e-01
-6.0874541861988e-01 -6.1211587583971e-01  5.0472088311688e-01
-5.0968435790102e-01 -8.1184832148802e-01  2.8482302963088e-01
-4.6104643211029e-01 -7.9434882127725e-01  3.9553272629936e-01
 1.1152391370525e-02 -6.6886322420904e-02  9.9769827304638e-01
-6.7846778644245e-01  3.2337499168144e-01  6.5962874218374e-01
-6.7486224090355e-01  4.2838115018512e-01  6.0087481721963e-01
-8.0122606089058e-01  2.6484583662151e-01  5.3655706329710e-01
-8.0209208097265e-01  1.5422810588742e-01  5.7694192514962e-01
-7.4699759064011e-01  6.2787870275641e-01  2.1854732714632e-01
-7.8324498627411e-01 -5.3499996049404e-01 -3.1670543687762e-01
-6.0917050920807e-01  1.1998899706232e-02  7.9294849587916e-01
-4.0645010255953e-01 -2.8124601429777e-01  8.6930949239668e-01
-5.1454628195062e-01 -8.5661521546398e-01 -3.8111630329736e-02
-5.8281133718029e-01 -3.9961066334489e-01  7.0756078395795e-01
-8.4493113410576e-01 -1.6205239836527e-01  5.0973561657276e-01
-7.9970766522305e-01 -2.5757197839949e-01  5.4233230230816e-01
-5.6799090546399e-01  9.1407815134184e-02  8.1794311699690e-01
-5.1464328798390e-01  1.6593811058208e-01  8.4119369326545e-01
-5.7467026376003e-01 -8.4731702349656e-02  8.1398687124972e-01
-7.4193826659564e-01  2.5089142316767e-01  6.2175646546052e-01
-8.2281551562009e-01  5.2679228813739e-01  2.1322408966584e-01
-4.2132927155375e-01 -1.7762119068250e-01  8.8934377917233e-01
-3.3165249640099e-01 -8.6585525426738e-04  9.4340122531491e-01
-8.1500076805960e-01 -5.4108519042057e-01  2.0736577530969e-01
-7.0622932065816e-01 -5.5932711915156e-01  4.3404299375099e-01
-6.6213458947709e-01 -5.1899668809445e-01  5.4057397566383e-01
-7.4658162662235e-01  3.5739290551951e-01  5.6114720517370e-01
-6.3889446666503e-01  5.1604514072034e-01  5.7053595259522e-01
-4.9882555396456e-01  4.6715368958127e-01  7.3002773715973e-01
-6.5379728701533e-01  5.6673782357650e-01  5.0135550941340e-01
-3.8408344812024e-01  9.0627847163499e-02  9.1883975654005e-01
-7.7716528804044e-01 -8.7969280229551e-02  6.2311758184223e-01
-8.0879331769474e-01 -1.5531145761943e-01  5.6721399875573e-01
-6.9521578266770e-01 -1.3037138978343e-01  7.0687927983191e-01
-4.3419091333528e-01  1.7857313069694e-01  8.8294387577590e-01
-3.5671600904797e-01 -5.5917833618928e-01  7.4838043615896e-01
-9.3801356223369e-01 -1.5786416536952e-01  3.0856030586880e-01
-7.2607033591022e-01  1.6408351719599e-01  6.6775629289121e-01
-5.1602112297592e-01 -1.3113651500206e-01  8.4647824252947e-01
-4.5533419344613e-01 -8.2987301447651e-02  8.8644451607373e-01
-4.9668384514928e-01 -2.1813728856050e-01  8.4007218815242e-01
-6.4031910626749e-01 -8.8542871246851e-02  7.6298859893197e-01
-7.4650658138957e-01 -2.0085857491060e-01  6.3433725795269e-01
-3.4062810972422e-01  1.8334837350689e-01  9.2214742031743e-01
-1.3986924672292e-01 -2.6715711887497e-02  9.8980950922867e-01
-2.0651780427713e-01 -8.4348387587458e-02  9.7480036213983e-01
 5.2631084439475e-01 -6.6739313200140e-02  8.4766901509142e-01
 6.1030156637235e-01 -1.1008998677507e-01  7.8448211763897e-01
-3.1958652576328e-02 -3.5131374668653e-01 -9.3571218647326e-01
 1.0329167249959e-01 -2.7351200797311e-01 -9.5630644245804e-01
 1.0870689255823e-01 -4.0073024412724e-01 -9.0972417960174e-01
 1.8623996120787e-01 -6.3262851245222e-02  9.8046544482792e-01
 9.8462936494097e-02 -4.6416269281082e-02  9.9405763418576e-01
-1.2243525045107e-01 -4.5662834025480e-01 -8.8119246951113e-01
 8.4183158264962e-03 -5.1423250925542e-01 -8.5760950226984e-01
-1.5733944451078e-01 -5.7249750819635e-01 -8.0466819392220e-01
-2.0591138214606e-01 -6.7879432418832e-01 -7.0486790830086e-01
-3.1902979573647e-01 -7.4689250548170e-01 -5.8341372514504e-01
 1.1072915557922e-01 -5.9908077589620e-01 -7.9299513116811e-01
 1.9132086555688e-01 -4.8376979940254e-01 -8.5402758011003e-01
 3.2624944173086e-01 -1.7069983312528e-01 -9.2974344242985e-01
 4.4770004841206e-01 -1.3066267422992e-01 -8.8458574045421e-01
 4.3233681192826e-01 -2.8555995332511e-01 -8.5530134695829e-01
-2.6680419870271e-01 -8.3692901601029e-01 -4.7787586433576e-01
 6.8133199111115e-01 -1.6705163267595e-01 -7.1265732993411e-01
 4.4955160945945e-01 -1.3758047962702e-01  8.8259558239208e-01
 3.8993244204199e-01 -2.2071240918600e-01  8.9400152297101e-01
 4.6662822564960e-01 -2.2014507382354e-01  8.5661791103054e-01
 3.4880022929809e-01 -1.3326078323425e-01  9.2767449231581e-01
 4.3041203979572e-01 -5.9411366370747e-02  9.0067517204864e-01
-1.5770705606794e-01 -3.9891087299786e-01  9.0332640826584e-01
-1.8275286267705e-01 -4.8532687245738e-01  8.5502001032378e-01
 5.8155574264743e-01 -3.0052624726792e-01 -7.5596090698981e-01
 5.6255635814407e-01 -1.5654084063791e-01 -8.1180373805746e-01
 8.0313619968460e-02 -9.9521942032400e-01  5.5570026610816e-02
-1.2917939993028e-01 -9.9148980638261e-01 -1.6144549328800e-02
-1.3401192654440e-02 -9.9944425766629e-01 -3.0521858615112e-02
 6.9025064368977e-01 -3.2243618973574e-01 -6.4775686212850e-01
-2.9918206098007e-01 -9.3300387257850e-01 -1.9998466976559e-01
-3.1743295178272e-01 -8.8236263277205e-01 -3.4737948328894e-01
-1.8303935950762e-01 -9.5169891638230e-01 -2.4650713058204e-01
 5.2571099753944e-01 -2.5778271272105e-01  8.1066393782397e-01
 4.4044257202573e-01 -3.1323937743188e-01  8.4136284275778e-01
-4.7963153713853e-02 -2.8794695850887e-01  9.5644450177274e-01
-7.4454730014744e-02 -3.7195249674946e-01  9.2526095418551e-01
 6.6720076081225e-01 -5.9528389824106e-02  7.4249546502083e-01
 6.9059279730809e-01 -1.7923296101996e-01  7.0068333360385e-01
 7.3503335056284e-01 -8.8249894846354e-02  6.7226328891289e-01
 9.2636390433647e-01 -8.9477719686477e-02 -3.6584649024173e-01
 9.2060246715740e-01 -2.2489065504420e-01 -3.1924174341320e-01
 8.6286889831953e-01 -2.0437023867088e-01 -4.6226623266084e-01
-3.7584381457425e-01 -9.2364065285308e-01 -7.5029137296146e-02
 5.3934131969130e-01 -1.6278621685484e-01  8.2620311575044e-01
 1.4636089401692e-02 -7.8406997809589e-01  6.2049984233337e-01
 1.0511998532740e-02 -6.9459984368191e-01  7.1931950831596e-01
-7.7637671347530e-02 -7.5509969965308e-01  6.5099680150640e-01
 7.7917918373041e-01 -1.5285426906431e-01  6.0787776079572e-01
 8.5385393665292e-01 -7.6998987330229e-02 -5.1478598544680e-01
 9.6827111021119e-01 -1.1413973196111e-01 -2.2231324458575e-01
 9.4576819606249e-01 -2.6245624918988e-01 -1.9141378366745e-01
 8.8387515141421e-01 -3.7099081192756e-01 -2.8483422227297e-01
-4.1263487652495e-01 -8.6649654159770e-01  2.8092027707958e-01
-2.8333770035903e-01 -9.2000117503582e-01  2.7077220220688e-01
-3.4821684787111e-01 -8.6062485640150e-01  3.7157756041317e-01
-1.5385760558886e-01 -9.6137221551505e-01  2.2823518667844e-01
-1.7147573734459e-02 -9.5719533151907e-01  2.8893434900185e-01
-1.5346613453047e-01 -9.3112095759489e-01  3.3085028015682e-01
 9.9557479078679e-01 -2.5806893272248e-02 -9.0359505363189e-02
 9.1897512858294e-01 -2.3685692807939e-01  3.1525150065744e-01
 8.7078276007380e-01 -2.4673287480612e-01  4.2527670198138e-01
 8.5645801475008e-01 -3.4676954498240e-01  3.8240103509674e-01
-3.8230789880188e-01 -9.0803025514352e-01  1.7123587900229e-01
 9.9896416851893e-01 -4.3253624863651e-02 -1.4132018661399e-02
-2.6018055416031e-01 -9.5457732121150e-01  1.4521782626631e-01
 9.0564901384756e-01 -4.2401306688626e-01  3.5753079100821e-03
 9.5140258090654e-01 -2.9720668296085e-01  8.0630742572419e-02
 9.0768250757651e-01 -3.9590289174343e-01  1.3918823854337e-01
-2.8552330674566e-01 -6.5801768010349e-01  6.9677053179382e-01
-3.2958346257331e-01 -7.1400046750952e-01  6.1772006086445e-01
 8.9705298984243e-01 -1.4508182330675e-01  4.1742927300411e-01
 9.4648146099554e-01 -1.1173064596094e-01  3.0280209171156e-01
-2.0123226461760e-01 -7.4233670190620e-01  6.3909451310420e-01
-3.0227037112668e-01 -7.7469985689171e-01  5.5540323592045e-01
 9.6669927117951e-01 -1.7849894696300e-01  1.8338659993062e-01
-2.6590915367479e-01 -5.8537726431323e-01  7.6591499555571e-01
 7.4476013852027e-01 -2.6535490528687e-01  6.1230638597965e-01
-3.5014008962791e-01 -9.3522833278082e-01  5.2439328746324e-02
 8.6017585101793e-02 -9.5118226515507e-01 -2.9640052885871e-01
 2.3485859122400e-01 -9.0228240562044e-01 -3.6156313782805e-01
 1.2609555189761e-01 -9.7508664140507e-01 -1.8249918779274e-01
-1.8476114918074e-01 -5.6651504622616e-01  8.0307161583061e-01
 8.5166239500475e-01 -8.9091177217665e-02  5.1646290000033e-01
 7.7884022237945e-01 -1.8804617911625e-01 -5.9836990442678e-01
 4.8921293553111e-01 -7.2082045760945e-01  4.9100771032718e-01
 5.8585190593717e-01 -6.4625668267484e-01  4.8900904327823e-01
 5.0229585816475e-01 -6.6042455917832e-01  5.5815613631372e-01
 1.1231185054641e-01 -8.9466431544919e-01 -4.3239080805295e-01
-1.4608219313864e-02 -9.0750884589768e-01 -4.1977886386279e-01
 6.2710442049802e-02 -8.2344405820823e-01 -5.6392134510008e-01
-1.8364653815369e-01 -7.7911063786385e-01 -5.9938348575144e-01
 8.3521606162887e-01 -4.9188795412856e-01 -2.4588690689092e-01
 7.9212459121160e-01 -4.5714802553760e-01 -4.0441848961803e-01
 6.8734850316861e-01 -7.1614541856449e-01 -1.2119312959472e-01
 6.3393655960008e-01 -6.8554973565464e-01 -3.5797485714260e-01
 6.9892594178953e-01 -6.7379116714877e-01 -2.3980823790253e-01
 5.6087445314629e-01 -6.7419511753588e-01 -4.8050056326568e-01
 5.0559431733612e-01 -7.9087845079525e-01 -3.4479800223482e-01
 4.5066253781132e-01 -7.6180004439642e-01 -4.6536434045926e-01
 7.5191550834665e-01 -5.7999537981635e-01 -3.1341414725486e-01
-3.6904583301823e-01 -8.0515812468200e-01  4.6424731274446e-01
 1.9480264685708e-01 -9.8083933474720e-01  2.4755181559704e-03
 2.9676470730386e-01 -9.5405143872972e-01 -4.1431398197604e-02
 3.0897440676278e-01 -9.4789395616724e-01  7.7665074693868e-02
 8.1556366518161e-01 -4.7042863045555e-01  3.3697598086995e-01
 7.9984253824059e-01 -5.5509337044424e-01  2.2830519948023e-01
 4.0063906172462e-01 -5.8331473720469e-01  7.0656369817607e-01
 3.7560505114854e-01 -6.5473831086269e-01  6.5592575024950e-01
 4.6846090092838e-01 -6.2031876953904e-01  6.2908585142168e-01
 8.4695615443067e-02 -9.7676329086689e-01  1.9687591609844e-01
 2.3251976756884e-01 -9.4790130198446e-01  2.1775600883992e-01
 1.2383954158105e-01 -9.4128506931740e-01  3.1407990419817e-01
 4.8600251355625e-02 -1.3073272457732e-01  9.9022571684074e-01
 2.0840806097142e-01 -1.9085712499802e-01 -9.5923909321901e-01
 5.8114610362720e-01 -4.5540475665003e-01 -6.7444474485272e-01
 7.0306301266666e-01 -4.4972321404061e-01 -5.5086425820983e-01
 2.0550559835464e-01 -7.6538282606880e-01 -6.0988243014850e-01
 2.1710049934544e-01 -8.4120944831951e-01 -4.9521110371431e-01
-3.3088000734907e-02 -6.5098632352855e-01 -7.5836797848152e-01
 3.4219938918684e-01 -4.4266851160579e-01 -8.2882094982745e-01
 2.6410409143986e-01 -3.2988774114753e-01 -9.0632395263797e-01
-2.4868272121250e-02 -1.6470497548068e-01 -9.8602933024004e-01
 8.2728001503297e-01 -5.6171581332129e-01 -9.1171153251934e-03
 7.8146459428375e-01 -6.0536070695724e-01 -1.5116713383921e-01
 8.5889591310049e-01 -4.9993798323819e-01 -1.1117474252280e-01
 9.0825152702671e-01 -3.9134406308206e-01 -1.4808439466763e-01
 9.5311968270821e-01 -2.9762582817599e-01 -5.4605282132480e-02
 3.5160161895653e-01 -9.2173303504762e-01 -1.6365974963029e-01
 2.1665867858933e-01 -9.6910394451089e-01 -1.1788367879123e-01
 1.8546400778437e-01 -9.7557508891430e-01  1.1771298869031e-01
-9.7436458353797e-02 -8.4759507453662e-01 -5.2162124784631e-01
-3.9966618954771e-01 -8.8892852540397e-01 -2.2377000168818e-01
 2.4096987267833e-01 -9.0821631610230e-01  3.4216464403406e-01
 1.2631937889312e-01 -7.0569554531753e-01 -6.9716369084674e-01
-4.3291356266431e-02 -7.5371709850933e-01 -6.5577160192196e-01
 3.7912323033837e-01 -8.7820933918875e-01 -2.9157148828282e-01
 3.5469676763476e-01 -8.3700865669912e-01 -4.1666138726811e-01
-1.0091947982495e-01 -9.8432422459051e-01 -1.4464120946728e-01
 1.3689590634920e-02 -9.8481343124582e-01 -1.7307541924285e-01
 6.8852757153357e-01 -5.7103317283894e-01 -4.4704686416033e-01
 6.0831626026611e-01 -5.5716214087068e-01 -5.6526248440548e-01
 5.2569095509059e-01 -8.5015526985477e-01 -2.9749569309676e-02
 4.8214016924877e-01 -8.5561239926851e-01 -1.8833024030876e-01
 5.8843061738118e-01 -7.9980415989089e-01 -1.1858631603024e-01
 6.6291683671032e-01 -6.9933881966885e-01  2.6733215839133e-01
 6.4819707229657e-01 -6.5822098418096e-01  3.8286510868713e-01
 5.7240963020291e-01 -7.5377175797996e-01  3.2276206735422e-01
 2.6185695417818e-01 -5.8747050362520e-01 -7.6570839287478e-01
 4.1941106655149e-01 -5.3927640387661e-01 -7.3025702151780e-01
 4.2652861406381e-02 -9.1404574630300e-01  4.0336225291820e-01
-2.2976520059048e-01 -9.6685653243902e-01 -1.1133911387118e-01
 7.4195785674073e-01 -6.7037015189887e-01 -1.0119202724427e-02
 4.1712448508006e-01 -9.0750586872741e-01 -4.9399009828101e-02
 9.9098563349760e-01 -9.1438055329485e-02  9.7910960770090e-02
 3.2058907934380e-01 -6.6840519772289e-01 -6.7116103422541e-01
 8.5502367055956e-01 -3.2594719025168e-01 -4.0335214385187e-01
 3.0512258349775e-01 -7.0636463182615e-01  6.3870902290853e-01
 2.0101649125675e-01 -7.3738894256381e-01  6.4486426294798e-01
 2.8911469964861e-01 -7.6351213743656e-01  5.7746160602601e-01
 1.4500516025145e-01 -8.8340083563336e-01  4.4561919516863e-01
 3.9799715769879e-02 -8.5261823325798e-01  5.2101644018273e-01
 3.5476250436491e-01 -8.9345511941983e-01  2.7546599623044e-01
 3.5867263344275e-01 -9.1808693664171e-01  1.6873149909573e-01
 2.1153590707850e-01 -8.1784999249477e-01  5.3513918730810e-01
 4.7602499381558e-01 -7.8706349923881e-01  3.9234073638719e-01
 3.6319736166131e-01 -8.4990593662482e-01  3.8176900787275e-01
 4.7170596907627e-01 -8.3133151365202e-01  2.9390711652979e-01
 6.0102018982820e-01 -3.8195673753926e-01  7.0205682253450e-01
 6.7983313268208e-01 -3.8449778463312e-01  6.2449048457114e-01
 6.5713819418668e-01 -2.8944923153844e-01  6.9598026990919e-01
 5.5473220141219e-02 -2.7646766383087e-01  9.5942084233305e-01
-1.0176732374686e-02 -2.0924521501207e-01  9.7781024443024e-01
 3.5941610687397e-01 -3.8343366155945e-01  8.5076359190005e-01
 3.3990896030887e-01 -2.9784553740465e-01  8.9204816829018e-01
-1.1529319725867e-02 -6.0491560198739e-01  7.9620612234452e-01
 3.8032836413976e-02 -5.2300811322538e-01  8.5147872366533e-01
-8.3116542612299e-02 -5.4545619314205e-01  8.3400790266469e-01
 9.8193480332265e-01 -1.8653791602149e-01  3.1743470353214e-02
 7.8483146216361e-01 -3.3020604511603e-01 -5.2440780292341e-01
 9.9165753512144e-02 -1.3811698245658e-01 -9.8803569357879e-01
 8.5369668176823e-01 -5.1007409805897e-01  1.0500661896873e-01
 8.5878985753567e-01 -4.6252470090958e-01  2.2034264599112e-01
 5.6501789511213e-01 -8.1956672190077e-01  9.5211168230852e-02
 6.7799535528526e-01 -7.2493009417947e-01  1.2164972981702e-01
 5.8159193530695e-01 -7.8616909123709e-01  2.0901909187766e-01
 3.2650110708202e-01 -5.5804856819061e-01  7.6287536505947e-01
 3.5096081764165e-01 -4.7111229982535e-01  8.0924638116804e-01
 2.4565785235982e-01 -5.2042798854036e-01  8.1780616793822e-01
 7.3337030831402e-01 -5.9006937428935e-01  3.3761831172075e-01
-1.4626273275059e-01 -9.8404620384799e-01  1.0129304862962e-01
-2.5257837429013e-01 -9.6753888456570e-01  8.5247694582309e-03
-1.6212457818969e-01 -9.0740156208200e-01 -3.8773447909357e-01
 4.3706658822665e-01 -6.9181618172552e-01 -5.7477227504346e-01
 1.2212395767197e-01 -8.1203078836109e-01  5.7069408417838e-01
-3.0658122365195e-02 -9.8619089044515e-01  1.6275013713061e-01
 4.4482427630735e-01 -8.9283853301690e-01  7.0503313169522e-02
 4.7915784636923e-01 -4.0820142776790e-01 -7.7703240127491e-01
 8.8826750851385e-01 -3.6768013666097e-01  2.7530374211689e-01
 9.3521784346569e-01 -2.9105447847260e-01  2.0163054288582e-01
 8.2926014850160e-01 -2.0079166071548e-01  5.2154608146762e-01
 7.9161765080048e-01 -4.1258545002003e-01  4.5068252836437e-01
 8.1154268115938e-01 -3.0547917272419e-01  4.9807725473905e-01
 7.5109922174414e-01 -3.6561310506750e-01  5.4970630021698e-01
 2.7169261622272e-01 -8.3379324151247e-02  9.5876535742283e-01
 5.4706538846861e-01 -3.3099539880965e-01  7.6887027950528e-01
 2.4037150090365e-01 -9.3830955634752e-01 -2.4858945677612e-01
-4.4770549828155e-02 -8.7592138447395e-01  4.8037207047175e-01
 4.0936751284935e-01 -7.8207231701862e-01  4.6987352593721e-01
 7.7768160434767e-01 -6.2001759861118e-01  1.0387251644037e-01
 9.8164256593724e-01 -1.6430450015068e-01 -9.6860229043596e-02
-6.8329566818367e-02 -9.1936647325248e-01  3.8742271249594e-01
-1.5274928573290e-01 -8.7527743656182e-01  4.5886497442479e-01
 3.2940321093314e-01 -7.6857603367107e-01 -5.4843815065455e-01
 4.9176169301997e-01 -5.9820160615566e-01 -6.3271263277330e-01
-5.7526878378910e-02 -9.5504304638787e-01 -2.9083231906059e-01
 5.1770933034436e-01 -5.3276608452528e-01  6.6943061511556e-01
 5.7455525845382e-01 -5.8260971763578e-01  5.7484969505030e-01
 7.1124987284763e-01 -4.6493667718025e-01  5.2721675294590e-01
 6.6916859645561e-01 -5.7170913415057e-01  4.7472313557107e-01
 7.4805747209170e-01 -5.1152327526070e-01  4.2279304312435e-01
-1.0976018667135e-01 -6.9991997157771e-01  7.0573701533115e-01
 1.4209221239539e-01 -5.6848383766428e-01  8.1033075314409e-01
 1.5529477703010e-01 -4.8469698916755e-01  8.6078589725848e-01
 6.4107184628019e-01 -7.6747763330261e-01 -2.2294140771477e-03
 5.9613858624922e-01 -7.6570753879681e-01 -2.4147619140305e-01
 8.0744844099304e-02 -1.9982915543723e-01  9.7649812021766e-01
 1.5531047878207e-01 -2.3515130894903e-01  9.5946991462997e-01
 1.4262764977819e-01 -1.3830485476854e-01  9.8006587567684e-01
 2.7546483988682e-01 -6.5010694237672e-01  7.0815258628330e-01
 9.8071414956090e-02 -9.9265131597139e-01 -7.0889791005315e-02
-2.6776468723567e-01 -8.4219478059033e-01  4.6798506794127e-01
-1.9673641507833e-01 -8.1319428047520e-01  5.4773154481419e-01
-9.0298806653431e-02 -8.1913408745471e-01  5.6644988506195e-01
 6.0846612460112e-01 -2.2354099475381e-01  7.6144494146154e-01
 1.4802713942733e-01 -6.6864013202525e-01  7.2870319049543e-01
 2.2467103924515e-01 -6.0123525727052e-01  7.6683706844372e-01
 1.8689491719995e-01 -3.9045892677133e-01  9.0145000772611e-01
 2.6242016188021e-01 -4.4135704992938e-01  8.5810233254338e-01
 2.7456561397053e-01 -3.5891308419546e-01  8.9207349563715e-01
 2.2928165087835e-01 -2.8634290966189e-01  9.3028902103425e-01
 8.4169154422905e-04 -4.3811573761774e-01  8.9891817870539e-01
 2.6382932966075e-02 -3.5703366008446e-01  9.3371885833735e-01
 6.3278921347121e-01 -5.0465809567700e-01  5.8728018677813e-01
-2.4047214714223e-01 -8.9425445311598e-01  3.7746803776087e-01
-9.4475906933014e-02 -6.3236105687765e-01  7.6889127758985e-01
-4.2124463493675e-02 -9.9715128591093e-01  6.2568702891713e-02
 3.9994231481312e-01 -7.1942453539603e-01  5.6786836739876e-01
 3.2536029608705e-01 -8.0492744611736e-01  4.9621818207029e-01
 4.7069930114620e-01 -8.6243546668153e-01  1.8613767407567e-01
 2.5726764151108e-01 -8.6149831897767e-01  4.3776021636276e-01
 9.8048669467771e-02 -7.4210156167784e-01  6.6307746950934e-01
-7.7378938932185e-02 -4.7007556407663e-01  8.7922776563742e-01
 7.3378422920736e-01 -6.4546163856520e-01  2.1199051419175e-01
 7.0993980727803e-02 -6.2028712981762e-01  7.8115538229154e-01
 3.0231759991709e-01 -2.2017563273029e-01  9.2743019119079e-01
 5.9561539879355e-01 -4.5662667615565e-01  6.6085881649793e-01
 5.5999044814240e-01 -7.1686768230042e-01  4.1534494587331e-01
 4.3378603475288e-01 -5.0121248108764e-01  7.4874276280666e-01
 5.2131269820402e-01 -4.3784227191799e-01  7.3248018103764e-01
 9.1642629304725e-02 -4.2833212246223e-01  8.9896230252504e-01
 1.2807201361255e-01 -3.3187356824946e-01  9.3458947887647e-01
-1.9286529458452e-01 -6.5620907587280e-01  7.2951533697859e-01
 4.4999315955356e-01 -4.0443649774626e-01  7.9620178073510e-01
 2.3530678906675e-01 -1.6918055492121e-01  9.5708341060518e-01
