228 202 152
228 202 108
254 91 121
802 629 619
621 37 21
355 357 342
613 740 724
499 500 346
1 202 108
1 202 131
176 127 153
176 127 177
104 151 152
104 228 152
109 110 108
109 228 108
109 75 76
109 75 110
109 104 76
109 104 228
159 150 158
727 462 158
461 150 158
461 462 158
120 254 121
229 159 158
229 159 5
6 157 5
634 621 629
344 433 349
506 357 342
529 355 357
437 613 614
437 613 343
437 529 614
437 529 355
696 614 620
696 736 620
696 613 614
696 613 740
696 736 740
797 736 620
695 722 723
695 736 740
487 501 441
325 120 254
443 453 332
443 453 441
165 73 163
165 73 103
147 168 148
94 147 168
154 127 153
22 37 21
22 114 177
201 176 153
201 176 191
182 151 152
532 444 535
460 433 349
545 439 546
545 439 440
547 507 509
547 508 509
671 786 728
730 671 728
730 671 731
107 105 194
645 77 169
834 713 762
834 763 762
834 763 840
834 712 791
834 713 712
693 695 723
814 786 728
113 105 194
118 759 251
116 95 194
116 113 194
116 113 117
82 116 117
2 110 108
2 1 108
133 202 131
155 176 177
155 22 177
20 6 11
20 6 157
35 157 5
339 75 332
339 75 110
74 75 76
74 91 76
74 254 91
615 611 724
605 727 606
605 610 334
605 610 611
327 461 150
323 333 433
190 229 158
618 13 189
725 802 619
725 726 619
10 6 11
10 13 189
4 229 5
4 6 5
4 190 189
4 190 229
4 10 189
4 10 6
721 634 784
721 698 784
720 721 746
720 721 634
720 802 629
720 634 629
702 798 704
818 722 760
818 798 760
818 722 723
818 742 723
818 798 704
818 742 704
341 344 343
341 437 343
341 437 355
341 355 342
341 344 349
335 344 433
335 333 334
335 333 433
354 506 357
354 506 527
340 506 342
340 341 342
340 341 349
559 658 558
559 365 558
559 365 390
352 354 357
694 797 820
694 797 736
694 695 736
694 693 695
635 756 648
452 487 441
452 453 441
452 453 336
348 443 332
348 339 332
348 338 350
348 339 338
442 501 441
442 443 441
372 373 377
362 373 285
362 372 504
362 372 373
586 504 380
524 494 493
503 492 451
495 494 493
495 511 493
495 511 360
463 338 350
164 162 163
164 165 163
245 73 163
245 199 163
160 162 163
160 199 163
160 162 161
448 52 380
448 52 63
448 504 380
448 362 504
448 362 63
280 52 380
216 249 264
247 266 264
247 249 264
247 249 248
247 130 248
250 249 248
250 216 217
250 216 249
61 52 53
61 52 63
60 362 285
60 362 63
60 61 63
60 61 62
67 73 103
99 147 242
99 258 193
255 208 278
255 258 193
255 208 193
139 94 275
139 94 168
139 140 275
96 94 275
96 94 95
292 94 95
292 147 242
292 94 147
89 96 275
89 96 173
89 173 172
260 154 153
260 201 153
260 201 240
260 154 179
90 89 172
90 89 88
90 154 179
115 126 239
115 126 127
115 127 177
115 114 177
125 126 172
125 90 172
125 90 154
125 154 127
125 126 127
256 294 213
207 208 193
149 147 148
149 174 148
149 99 193
149 99 147
149 207 193
149 207 174
209 174 148
209 174 213
271 295 231
192 201 191
475 444 535
475 485 484
475 485 444
475 540 474
475 540 484
528 455 474
528 540 474
528 540 527
434 532 533
434 435 533
483 532 535
483 471 522
446 532 533
446 532 444
478 544 539
478 435 533
438 439 440
438 465 521
476 475 474
476 475 535
476 483 535
476 483 471
482 455 474
482 476 474
482 476 471
482 455 500
328 337 321
849 817 663
395 396 447
449 545 440
449 492 451
593 478 544
593 478 435
543 473 571
543 593 509
543 593 544
472 473 458
472 502 508
538 385 539
556 503 451
556 503 502
556 502 508
556 547 508
582 557 447
378 365 558
363 557 390
363 365 390
526 376 374
526 376 525
467 385 539
467 580 385
467 478 539
589 473 571
411 579 587
732 656 731
732 656 815
732 671 731
655 664 169
655 664 815
655 645 169
655 645 646
655 656 646
655 656 815
697 730 731
697 698 705
745 700 705
745 698 705
745 702 746
745 702 700
745 721 746
745 721 698
761 698 784
171 107 239
171 126 239
171 173 172
171 126 172
106 107 239
106 107 105
106 105 169
106 77 169
23 22 21
23 206 21
23 22 114
654 206 21
654 206 77
654 645 77
78 115 239
78 115 114
78 106 239
78 23 114
78 23 206
78 206 77
78 106 77
852 713 762
856 763 840
764 763 762
764 852 762
841 834 791
841 834 840
685 693 723
685 742 723
684 694 820
684 694 693
684 685 693
684 686 811
684 685 811
741 685 811
741 685 742
711 814 786
711 710 794
729 730 728
729 697 705
729 697 730
669 664 112
669 118 112
669 118 759
669 664 815
111 113 117
111 118 112
111 118 117
81 251 87
81 118 251
81 118 117
81 82 117
259 255 278
259 255 258
680 677 665
680 759 251
680 677 251
102 251 87
102 677 251
102 677 101
102 252 87
102 252 101
848 821 822
848 821 861
774 823 808
774 848 861
774 848 823
673 671 786
270 232 231
243 137 161
243 196 161
243 196 272
178 135 179
178 90 179
178 90 88
136 135 179
136 260 179
136 260 240
132 133 131
132 164 131
132 164 162
132 133 137
132 162 161
132 137 161
181 202 152
181 133 202
181 182 152
181 133 137
19 155 11
19 155 176
19 20 11
19 176 191
19 20 191
12 155 11
12 155 22
12 10 11
12 10 13
12 13 37
12 22 37
36 120 121
36 159 5
36 35 5
36 159 150
36 120 150
93 91 121
93 36 121
93 36 35
227 339 110
227 339 338
227 2 110
324 325 254
324 74 254
324 337 336
324 337 325
531 610 334
531 335 334
531 344 343
531 335 344
612 611 724
612 610 611
612 613 724
612 531 610
612 613 343
612 531 343
739 722 760
739 695 740
739 695 722
739 740 724
739 615 724
616 615 611
616 725 726
454 605 334
454 605 727
454 727 462
454 333 334
454 333 462
322 327 321
322 323 321
322 461 462
322 327 461
322 333 462
322 323 333
719 726 606
630 629 619
630 618 619
630 621 629
630 621 37
630 13 37
630 618 13
754 725 802
754 720 802
566 354 527
566 540 527
566 540 484
431 499 500
431 455 500
744 743 633
744 743 820
744 684 820
744 684 686
632 743 633
632 851 633
632 851 795
632 743 756
683 381 648
659 849 663
382 658 558
382 378 558
569 381 648
569 370 648
637 797 820
637 743 820
637 743 756
637 635 756
737 370 648
737 635 648
636 797 620
636 737 635
636 637 797
636 637 635
326 327 321
326 337 321
326 337 325
326 325 120
326 120 150
326 327 150
351 348 350
351 348 443
351 442 443
519 442 501
519 520 521
519 520 501
519 465 521
429 373 377
505 372 504
505 586 504
505 586 489
584 586 380
584 549 380
584 586 489
491 466 493
491 524 493
491 524 577
565 494 377
565 524 494
565 524 577
565 372 377
490 502 563
490 503 502
555 511 360
555 463 350
555 463 360
257 1 131
257 164 131
257 164 165
142 130 246
142 247 266
142 247 130
237 143 299
237 142 266
237 142 143
230 245 246
230 142 246
230 142 143
230 143 199
230 245 199
128 130 246
265 266 264
265 237 266
379 549 380
379 280 380
47 52 53
47 280 52
302 220 287
25 302 220
25 28 24
25 302 28
279 253 217
279 253 41
279 51 56
279 51 41
301 250 53
301 250 248
301 61 53
301 61 62
72 67 73
72 245 246
72 245 73
72 128 246
72 128 67
198 67 103
98 99 242
241 207 211
241 207 208
48 297 49
48 208 278
48 241 208
48 241 297
167 140 275
167 89 275
167 89 88
141 168 148
141 139 168
141 139 140
141 140 197
180 95 194
180 96 95
180 96 173
180 107 194
180 171 173
180 171 107
238 292 242
238 82 116
238 116 95
238 292 95
238 98 242
238 98 82
296 294 211
296 207 211
296 207 174
296 294 213
296 174 213
261 201 240
261 192 201
261 182 151
261 192 151
534 434 546
534 434 532
534 483 532
436 434 546
436 545 546
436 545 507
436 434 435
541 446 533
541 478 533
541 467 478
523 438 521
523 520 521
523 439 522
523 438 439
486 438 440
486 449 440
486 465 466
486 438 465
486 449 492
486 491 466
486 491 492
347 500 346
347 482 500
837 838 817
660 559 658
660 659 658
660 659 849
389 557 447
389 557 390
675 394 417
393 675 679
393 675 394
393 559 390
393 389 390
393 389 394
450 545 507
450 449 545
450 547 507
450 449 451
450 556 451
450 556 547
510 543 509
510 543 473
510 508 509
510 472 508
510 472 473
564 502 563
564 472 502
564 472 458
428 396 447
428 570 396
428 582 447
428 582 427
542 544 539
542 538 539
542 543 571
542 543 544
581 582 557
581 363 384
581 363 557
581 385 384
364 378 525
364 378 365
364 363 384
364 363 365
468 526 374
468 526 580
468 467 580
9 34 306
18 7 17
29 28 24
553 600 587
553 579 587
553 552 579
553 412 600
459 516 590
598 516 567
598 516 590
598 513 590
517 516 567
512 513 416
409 411 587
672 732 671
672 673 671
657 697 698
657 761 698
657 697 731
657 656 731
657 656 646
657 761 646
689 621 21
689 654 21
689 634 784
689 634 621
692 852 690
692 691 822
692 691 690
863 712 791
863 821 712
793 841 791
652 838 650
733 708 758
733 741 811
734 686 811
734 733 811
734 733 708
709 708 758
816 817 663
816 662 663
816 662 755
799 856 650
799 856 763
717 715 716
717 662 715
717 662 755
749 699 829
749 747 829
788 747 829
788 789 829
788 789 790
788 790 854
757 729 728
757 729 699
757 814 728
757 699 829
757 789 829
757 789 814
701 729 705
701 729 699
701 700 705
783 669 815
783 669 759
783 732 815
783 672 732
783 680 759
783 672 680
170 664 112
170 111 112
170 105 169
170 664 169
170 113 105
170 111 113
58 688 57
58 688 101
676 688 805
676 677 665
676 677 101
676 688 101
806 823 808
806 807 808
806 807 667
806 667 710
277 259 278
773 774 861
824 691 751
824 751 794
824 848 823
824 848 822
824 691 822
862 691 690
862 770 752
862 770 690
862 751 752
862 691 751
804 680 665
804 672 680
804 672 673
288 289 298
288 222 298
288 222 311
30 289 298
30 31 312
16 317 287
286 220 287
221 291 49
314 80 66
314 119 66
314 119 291
653 688 57
653 688 805
55 289 14
55 44 14
55 30 312
55 30 289
84 198 103
195 270 232
195 270 196
195 196 161
195 160 161
183 271 231
183 270 231
183 271 197
134 136 240
134 261 240
134 261 182
134 181 182
134 136 135
92 104 151
92 93 91
92 91 76
92 104 76
97 227 2
97 463 338
97 227 338
331 324 336
331 453 332
331 453 336
331 324 74
331 75 332
331 74 75
753 739 760
753 739 615
753 616 615
753 754 760
753 616 725
753 754 725
607 726 606
607 616 726
607 605 606
607 605 611
607 616 611
617 726 619
617 719 726
617 618 619
617 618 189
617 190 189
617 719 190
819 798 760
819 754 760
819 702 746
819 702 798
819 720 746
819 754 720
477 566 484
477 485 374
477 485 484
430 528 455
430 431 455
430 340 506
430 506 527
430 528 527
661 662 663
661 659 663
796 756 648
796 683 648
796 632 756
796 632 795
668 659 658
668 382 658
668 683 381
668 382 381
383 376 525
383 378 525
383 382 378
383 382 381
383 569 381
518 370 369
518 737 370
518 352 369
518 636 737
537 519 465
537 519 442
358 494 377
358 429 377
358 495 494
358 429 225
358 495 360
562 584 489
562 584 549
366 565 577
366 505 372
366 565 372
536 351 350
536 555 350
536 351 442
536 537 442
536 555 511
536 537 511
85 257 165
85 84 86
85 165 103
85 84 103
3 2 1
3 257 1
3 97 2
3 97 86
3 85 86
3 85 257
69 128 62
69 60 285
69 60 62
69 128 67
205 294 211
308 123 122
186 237 299
186 232 299
214 209 213
214 209 295
46 47 53
46 250 53
46 250 217
46 279 217
46 279 56
307 16 287
26 51 24
26 51 41
26 25 24
40 51 24
40 29 24
40 29 39
40 38 39
40 51 56
40 38 56
215 216 217
215 253 217
290 216 264
290 265 264
124 123 122
129 301 248
129 301 62
129 130 248
129 128 62
129 128 130
100 99 258
100 98 99
100 259 258
166 167 88
166 178 88
166 140 197
166 167 140
210 271 197
210 141 197
210 271 295
210 209 295
210 209 148
210 141 148
469 439 546
469 534 546
469 534 483
469 439 522
469 483 522
479 507 509
479 436 507
479 436 435
479 593 509
479 593 435
345 487 346
345 347 346
345 487 501
345 520 501
470 482 471
470 347 482
470 471 522
470 345 520
470 345 347
470 523 522
470 523 520
424 425 460
424 425 328
424 460 433
424 323 433
424 323 321
424 328 321
432 431 499
432 425 499
432 425 460
432 460 349
432 340 349
432 430 340
432 430 431
329 425 499
329 425 328
414 570 396
414 512 416
414 512 570
592 395 417
418 389 447
418 389 394
418 395 447
418 395 417
418 394 417
678 652 826
678 837 679
678 675 679
678 837 838
678 652 838
706 393 679
706 660 559
706 393 559
426 530 427
426 428 427
426 428 570
426 512 570
572 589 571
572 542 571
572 599 589
572 599 530
496 538 385
496 581 385
496 582 427
496 581 582
386 364 384
386 385 384
386 580 385
386 526 580
386 526 525
386 364 525
445 541 467
445 468 467
445 541 446
445 485 444
445 446 444
445 485 374
445 468 374
305 7 306
305 9 306
305 9 218
305 403 218
33 9 218
33 9 34
316 302 28
316 18 28
316 302 287
316 307 287
316 18 7
316 7 306
316 307 306
313 39 387
313 29 39
27 18 28
27 29 28
27 313 29
27 18 17
27 412 17
303 38 392
303 47 280
303 379 392
303 379 280
408 404 552
408 553 552
408 553 412
408 412 17
457 459 458
457 564 458
457 564 594
457 459 516
457 517 594
457 517 516
601 403 404
601 404 552
601 602 552
575 598 513
575 595 513
575 598 567
647 761 784
647 689 784
647 689 654
647 761 646
647 645 646
647 654 645
714 852 713
714 692 852
714 713 712
714 821 712
714 821 822
714 692 822
864 821 861
864 863 821
864 773 861
827 841 840
827 793 841
869 845 860
869 625 860
835 734 686
835 744 633
835 744 686
801 709 758
801 747 758
801 788 854
801 788 747
735 715 716
735 709 716
812 838 817
812 816 817
812 816 755
769 764 763
769 799 763
858 711 794
858 711 814
858 789 814
703 702 704
703 702 700
703 742 704
703 741 742
772 770 752
772 790 752
772 790 854
772 767 854
772 770 771
772 767 771
813 852 690
813 770 690
813 770 771
738 717 716
738 767 716
738 767 771
59 58 57
59 58 71
138 252 101
138 58 101
138 58 71
666 667 665
666 676 665
666 807 667
666 676 805
666 807 805
775 643 839
775 773 774
825 824 794
825 710 794
825 806 710
825 806 823
825 824 823
803 667 665
803 804 665
803 667 710
803 804 673
273 34 14
273 16 14
273 307 16
273 34 306
273 307 306
15 289 14
15 16 14
15 16 317
15 288 289
15 317 311
15 288 311
283 317 287
283 286 287
283 317 311
219 286 220
281 297 49
269 222 311
269 268 222
269 283 311
32 30 31
32 30 298
223 222 298
223 221 222
223 32 298
223 32 119
223 119 291
223 221 291
70 277 278
70 314 80
70 59 80
70 277 71
70 59 71
79 59 57
79 59 80
64 31 603
64 32 31
64 119 66
64 32 119
638 649 839
638 649 624
604 649 603
604 64 603
604 64 642
604 649 839
604 643 839
604 642 643
623 625 860
54 55 312
54 55 44
626 31 603
626 31 312
626 54 312
626 54 625
844 778 843
844 842 843
844 842 845
792 778 843
792 793 791
792 793 843
792 863 791
224 198 225
224 84 198
224 358 225
200 232 299
200 195 232
200 195 160
200 160 199
200 143 299
200 143 199
175 135 272
175 134 135
175 243 272
175 243 137
175 181 137
175 134 181
244 192 151
244 92 151
244 92 93
375 376 374
375 477 374
670 661 795
670 661 659
670 668 659
670 668 683
670 796 795
670 796 683
800 851 795
800 661 795
800 661 662
800 662 715
356 518 352
356 529 357
356 352 357
356 614 620
356 529 614
356 636 620
356 518 636
464 465 466
464 537 465
464 537 511
464 466 493
464 511 493
583 490 563
583 490 489
583 562 489
388 39 387
388 38 39
388 38 392
388 391 392
585 379 392
585 391 392
585 379 549
585 391 398
413 551 387
413 388 387
413 388 391
413 391 398
591 551 600
591 600 587
591 409 587
367 366 577
367 503 492
367 491 577
367 491 492
68 69 285
68 198 225
68 198 67
68 69 67
68 429 225
68 373 285
68 429 373
212 256 122
212 308 122
212 256 213
212 214 213
212 308 188
212 214 188
187 186 237
187 308 123
187 308 188
187 186 188
187 265 123
187 265 237
233 232 231
233 186 232
233 186 188
233 295 231
233 214 295
233 214 188
45 46 56
45 46 47
45 303 47
45 38 56
45 303 38
42 25 220
42 26 25
42 219 220
42 219 315
42 26 41
42 253 315
42 253 41
310 253 315
310 215 253
310 309 315
310 309 262
304 215 216
304 290 216
304 290 262
304 310 262
304 310 215
263 265 123
263 290 265
263 124 123
263 290 262
293 124 122
293 256 122
293 256 294
293 205 294
146 293 145
146 293 124
146 263 262
146 263 124
83 98 82
83 100 98
83 81 87
83 81 82
83 252 87
184 183 197
184 166 197
184 166 178
184 135 272
184 178 135
498 499 346
498 329 499
498 487 346
498 452 487
498 329 452
330 452 336
330 329 452
330 329 328
330 337 336
330 328 337
320 395 396
320 414 396
320 592 395
597 568 416
597 513 416
597 595 513
415 414 416
415 568 416
415 568 319
415 320 319
415 320 414
674 675 417
674 678 675
674 592 417
836 660 849
836 706 660
836 849 817
836 837 817
836 837 679
836 706 679
588 459 590
588 599 590
588 599 589
588 589 473
588 473 458
588 459 458
514 426 530
514 599 530
514 426 512
514 599 590
514 513 590
514 512 513
497 542 538
497 572 542
497 496 427
497 496 538
497 530 427
497 572 530
8 305 7
8 7 17
8 403 404
8 305 403
8 408 17
8 408 404
609 33 218
43 44 608
43 609 608
43 609 33
43 33 34
43 34 14
43 44 14
515 313 387
515 551 387
515 551 600
515 412 600
515 27 412
515 27 313
573 517 567
573 480 517
402 601 602
402 405 602
410 595 596
410 575 595
410 411 596
410 409 411
410 575 567
410 573 567
410 573 409
868 864 863
868 792 863
868 792 778
828 781 865
828 827 781
828 827 793
828 842 865
828 793 843
828 842 843
651 856 840
651 652 826
651 856 650
651 652 650
866 842 865
866 842 845
833 869 608
833 609 608
833 609 718
768 801 854
768 801 709
768 767 854
768 709 716
768 767 716
631 735 715
631 800 715
631 800 851
631 851 633
631 835 633
707 709 708
707 735 709
707 734 708
707 835 734
707 631 835
707 631 735
766 812 755
766 799 650
766 838 650
766 812 838
750 751 794
750 858 794
750 751 752
750 790 752
750 789 790
750 858 789
748 703 741
748 733 741
748 733 758
748 747 758
748 749 747
853 764 852
853 813 852
853 769 764
853 813 771
765 717 755
765 738 717
765 766 755
765 769 799
765 766 799
276 277 71
276 138 71
276 277 259
276 138 252
276 100 259
276 83 252
276 83 100
682 774 808
682 775 774
682 807 808
682 653 643
682 775 643
682 807 805
682 653 805
787 711 710
787 803 710
787 803 673
787 711 786
787 673 786
235 309 315
235 219 315
235 234 309
300 221 49
300 281 49
300 281 268
300 268 222
300 221 222
204 281 297
204 241 297
204 241 211
204 205 211
50 48 278
50 70 278
50 48 49
644 653 57
644 79 57
644 79 642
644 653 643
644 642 643
65 80 66
65 79 80
65 79 642
65 64 66
65 64 642
810 638 839
810 775 839
810 775 773
810 864 773
810 868 864
639 623 624
639 868 778
639 638 624
639 810 638
639 810 868
809 44 608
809 54 44
809 869 608
809 869 625
809 54 625
622 649 603
622 626 603
622 649 624
622 623 624
622 623 625
622 626 625
779 845 860
779 844 845
779 623 860
779 844 778
779 639 778
779 639 623
361 358 360
361 224 358
226 84 86
226 224 84
226 361 224
226 97 86
156 93 35
156 244 93
156 35 157
156 244 192
156 192 191
156 20 191
156 20 157
371 370 369
371 569 370
371 375 376
371 383 376
371 383 569
353 352 354
353 566 354
353 477 566
353 375 477
576 583 563
576 564 563
576 564 594
397 399 398
397 399 480
397 413 398
397 413 551
397 591 551
368 490 503
368 367 503
368 367 366
368 490 489
368 505 489
368 366 505
144 146 145
144 234 309
144 309 262
144 146 262
274 204 281
274 144 145
274 144 234
236 269 268
236 235 234
185 184 272
185 184 183
185 196 272
185 270 196
185 183 270
421 405 554
846 781 865
578 595 596
578 597 595
578 597 568
867 678 826
867 674 678
560 609 218
560 609 718
481 399 480
481 517 594
481 480 517
481 576 594
548 585 549
548 585 398
548 399 398
574 591 409
574 573 409
574 573 480
574 397 480
574 397 591
419 405 554
419 402 405
859 651 840
859 651 780
859 827 840
859 827 781
859 780 781
832 866 845
832 866 776
832 869 845
832 833 869
830 748 749
830 748 703
830 749 699
830 701 699
830 701 700
830 703 700
855 738 771
855 853 771
855 765 738
855 853 769
855 765 769
267 70 314
267 50 70
267 314 291
267 291 49
267 50 49
359 463 360
359 361 360
359 226 361
359 97 463
359 226 97
488 371 369
488 371 375
488 353 375
488 352 369
488 353 352
550 548 399
550 562 549
550 548 549
282 281 268
282 274 281
282 236 268
282 274 234
282 236 234
203 274 145
203 293 145
203 293 205
203 204 205
203 274 204
284 269 283
284 236 269
284 283 286
284 236 235
284 219 286
284 235 219
422 568 319
847 846 865
847 866 865
847 866 776
406 405 602
406 552 579
406 602 552
850 867 826
850 651 826
850 651 780
681 674 592
681 867 674
401 403 218
401 560 218
401 601 403
401 402 601
400 718 777
400 560 718
400 419 777
400 419 402
400 401 402
400 401 560
831 832 776
831 718 777
831 776 777
831 833 718
831 832 833
561 583 562
561 550 562
561 576 583
561 481 576
561 481 399
561 550 399
423 422 319
407 578 568
407 422 568
407 422 421
407 421 405
407 406 405
640 419 777
640 419 554
640 776 777
640 847 776
456 406 579
456 411 579
456 411 596
456 578 596
456 407 578
456 407 406
782 850 780
782 780 781
420 423 627
420 627 554
420 421 554
420 422 421
420 423 422
641 627 554
641 640 554
641 847 846
641 640 847
687 782 850
687 850 867
687 681 867
857 641 627
857 641 846
857 846 781
857 782 781
318 687 681
318 681 592
318 423 319
318 320 319
318 320 592
628 318 423
628 318 687
628 423 627
628 857 627
628 687 782
628 857 782
785 727 606
785 719 606
785 727 158
785 190 158
785 719 190
