0 200 202
50 201 200
52 202 201
202 200 201
6 203 205
51 204 203
50 205 204
205 203 204
5 206 208
52 207 206
51 208 207
208 206 207
52 201 207
50 204 201
51 207 204
207 201 204
0 209 200
53 210 209
50 200 210
200 209 210
1 211 213
54 212 211
53 213 212
213 211 212
6 205 215
50 214 205
54 215 214
215 205 214
50 210 214
53 212 210
54 214 212
214 210 212
1 216 211
55 217 216
54 211 217
211 216 217
7 218 220
56 219 218
55 220 219
220 218 219
6 215 222
54 221 215
56 222 221
222 215 221
54 217 221
55 219 217
56 221 219
221 217 219
1 223 216
57 224 223
55 216 224
216 223 224
2 225 227
58 226 225
57 227 226
227 225 226
7 220 229
55 228 220
58 229 228
229 220 228
55 224 228
57 226 224
58 228 226
228 224 226
2 230 225
59 231 230
58 225 231
225 230 231
8 232 234
60 233 232
59 234 233
234 232 233
7 229 236
58 235 229
60 236 235
236 229 235
58 231 235
59 233 231
60 235 233
235 231 233
2 237 230
61 238 237
59 230 238
230 237 238
3 239 241
62 240 239
61 241 240
241 239 240
8 234 243
59 242 234
62 243 242
243 234 242
59 238 242
61 240 238
62 242 240
242 238 240
3 244 239
63 245 244
62 239 245
239 244 245
9 246 248
64 247 246
63 248 247
248 246 247
8 243 250
62 249 243
64 250 249
250 243 249
62 245 249
63 247 245
64 249 247
249 245 247
3 251 244
65 252 251
63 244 252
244 251 252
4 253 255
66 254 253
65 255 254
255 253 254
9 248 257
63 256 248
66 257 256
257 248 256
63 252 256
65 254 252
66 256 254
256 252 254
4 258 253
67 259 258
66 253 259
253 258 259
5 260 262
68 261 260
67 262 261
262 260 261
9 257 264
66 263 257
68 264 263
264 257 263
66 259 263
67 261 259
68 263 261
263 259 261
4 265 258
69 266 265
67 258 266
258 265 266
0 202 268
52 267 202
69 268 267
268 202 267
5 262 206
67 269 262
52 206 269
206 262 269
67 266 269
69 267 266
52 269 267
269 266 267
5 270 272
70 271 270
72 272 271
272 270 271
11 273 275
71 274 273
70 275 274
275 273 274
10 276 278
72 277 276
71 278 277
278 276 277
72 271 277
70 274 271
71 277 274
277 271 274
5 208 270
51 279 208
70 270 279
270 208 279
6 280 203
73 281 280
51 203 281
203 280 281
11 275 283
70 282 275
73 283 282
283 275 282
70 279 282
51 281 279
73 282 281
282 279 281
6 284 280
74 285 284
73 280 285
280 284 285
12 286 288
75 287 286
74 288 287
288 286 287
11 283 290
73 289 283
75 290 289
290 283 289
73 285 289
74 287 285
75 289 287
289 285 287
6 222 284
56 291 222
74 284 291
284 222 291
7 292 218
76 293 292
56 218 293
218 292 293
12 288 295
74 294 288
76 295 294
295 288 294
74 291 294
56 293 291
76 294 293
294 291 293
7 296 292
77 297 296
76 292 297
292 296 297
13 298 300
78 299 298
77 300 299
300 298 299
12 295 302
76 301 295
78 302 301
302 295 301
76 297 301
77 299 297
78 301 299
301 297 299
7 236 296
60 303 236
77 296 303
296 236 303
8 304 232
79 305 304
60 232 305
232 304 305
13 300 307
77 306 300
79 307 306
307 300 306
77 303 306
60 305 303
79 306 305
306 303 305
8 308 304
80 309 308
79 304 309
304 308 309
14 310 312
81 311 310
80 312 311
312 310 311
13 307 314
79 313 307
81 314 313
314 307 313
79 309 313
80 311 309
81 313 311
313 309 311
8 250 308
64 315 250
80 308 315
308 250 315
9 316 246
82 317 316
64 246 317
246 316 317
14 312 319
80 318 312
82 319 318
319 312 318
80 315 318
64 317 315
82 318 317
318 315 317
9 320 316
83 321 320
82 316 321
316 320 321
10 322 324
84 323 322
83 324 323
324 322 323
14 319 326
82 325 319
84 326 325
326 319 325
82 321 325
83 323 321
84 325 323
325 321 323
9 264 320
68 327 264
83 320 327
320 264 327
5 272 260
72 328 272
68 260 328
260 272 328
10 324 276
83 329 324
72 276 329
276 324 329
83 327 329
68 328 327
72 329 328
329 327 328
10 330 332
85 331 330
87 332 331
332 330 331
16 333 335
86 334 333
85 335 334
335 333 334
15 336 338
87 337 336
86 338 337
338 336 337
87 331 337
85 334 331
86 337 334
337 331 334
10 278 330
71 339 278
85 330 339
330 278 339
11 340 273
88 341 340
71 273 341
273 340 341
16 335 343
85 342 335
88 343 342
343 335 342
85 339 342
71 341 339
88 342 341
342 339 341
11 344 340
89 345 344
88 340 345
340 344 345
17 346 348
90 347 346
89 348 347
348 346 347
16 343 350
88 349 343
90 350 349
350 343 349
88 345 349
89 347 345
90 349 347
349 345 347
11 290 344
75 351 290
89 344 351
344 290 351
12 352 286
91 353 352
75 286 353
286 352 353
17 348 355
89 354 348
91 355 354
355 348 354
89 351 354
75 353 351
91 354 353
354 351 353
12 356 352
92 357 356
91 352 357
352 356 357
18 358 360
93 359 358
92 360 359
360 358 359
17 355 362
91 361 355
93 362 361
362 355 361
91 357 361
92 359 357
93 361 359
361 357 359
12 302 356
78 363 302
92 356 363
356 302 363
13 364 298
94 365 364
78 298 365
298 364 365
18 360 367
92 366 360
94 367 366
367 360 366
92 363 366
78 365 363
94 366 365
366 363 365
13 368 364
95 369 368
94 364 369
364 368 369
19 370 372
96 371 370
95 372 371
372 370 371
18 367 374
94 373 367
96 374 373
374 367 373
94 369 373
95 371 369
96 373 371
373 369 371
13 314 368
81 375 314
95 368 375
368 314 375
14 376 310
97 377 376
81 310 377
310 376 377
19 372 379
95 378 372
97 379 378
379 372 378
95 375 378
81 377 375
97 378 377
378 375 377
14 380 376
98 381 380
97 376 381
376 380 381
15 382 384
99 383 382
98 384 383
384 382 383
19 379 386
97 385 379
99 386 385
386 379 385
97 381 385
98 383 381
99 385 383
385 381 383
14 326 380
84 387 326
98 380 387
380 326 387
10 332 322
87 388 332
84 322 388
322 332 388
15 384 336
98 389 384
87 336 389
336 384 389
98 387 389
84 388 387
87 389 388
389 387 388
15 390 392
100 391 390
102 392 391
392 390 391
21 393 395
101 394 393
100 395 394
395 393 394
20 396 398
102 397 396
101 398 397
398 396 397
102 391 397
100 394 391
101 397 394
397 391 394
15 338 390
86 399 338
100 390 399
390 338 399
16 400 333
103 401 400
86 333 401
333 400 401
21 395 403
100 402 395
103 403 402
403 395 402
100 399 402
86 401 399
103 402 401
402 399 401
16 404 400
104 405 404
103 400 405
400 404 405
22 406 408
105 407 406
104 408 407
408 406 407
21 403 410
103 409 403
105 410 409
410 403 409
103 405 409
104 407 405
105 409 407
409 405 407
16 350 404
90 411 350
104 404 411
404 350 411
17 412 346
106 413 412
90 346 413
346 412 413
22 408 415
104 414 408
106 415 414
415 408 414
104 411 414
90 413 411
106 414 413
414 411 413
17 416 412
107 417 416
106 412 417
412 416 417
23 418 420
108 419 418
107 420 419
420 418 419
22 415 422
106 421 415
108 422 421
422 415 421
106 417 421
107 419 417
108 421 419
421 417 419
17 362 416
93 423 362
107 416 423
416 362 423
18 424 358
109 425 424
93 358 425
358 424 425
23 420 427
107 426 420
109 427 426
427 420 426
107 423 426
93 425 423
109 426 425
426 423 425
18 428 424
110 429 428
109 424 429
424 428 429
24 430 432
111 431 430
110 432 431
432 430 431
23 427 434
109 433 427
111 434 433
434 427 433
109 429 433
110 431 429
111 433 431
433 429 431
18 374 428
96 435 374
110 428 435
428 374 435
19 436 370
112 437 436
96 370 437
370 436 437
24 432 439
110 438 432
112 439 438
439 432 438
110 435 438
96 437 435
112 438 437
438 435 437
19 440 436
113 441 440
112 436 441
436 440 441
20 442 444
114 443 442
113 444 443
444 442 443
24 439 446
112 445 439
114 446 445
446 439 445
112 441 445
113 443 441
114 445 443
445 441 443
19 386 440
99 447 386
113 440 447
440 386 447
15 392 382
102 448 392
99 382 448
382 392 448
20 444 396
113 449 444
102 396 449
396 444 449
113 447 449
99 448 447
102 449 448
449 447 448
20 450 452
115 451 450
117 452 451
452 450 451
26 453 455
116 454 453
115 455 454
455 453 454
25 456 458
117 457 456
116 458 457
458 456 457
117 451 457
115 454 451
116 457 454
457 451 454
20 398 450
101 459 398
115 450 459
450 398 459
21 460 393
118 461 460
101 393 461
393 460 461
26 455 463
115 462 455
118 463 462
463 455 462
115 459 462
101 461 459
118 462 461
462 459 461
21 464 460
119 465 464
118 460 465
460 464 465
27 466 468
120 467 466
119 468 467
468 466 467
26 463 470
118 469 463
120 470 469
470 463 469
118 465 469
119 467 465
120 469 467
469 465 467
21 410 464
105 471 410
119 464 471
464 410 471
22 472 406
121 473 472
105 406 473
406 472 473
27 468 475
119 474 468
121 475 474
475 468 474
119 471 474
105 473 471
121 474 473
474 471 473
22 476 472
122 477 476
121 472 477
472 476 477
28 478 480
123 479 478
122 480 479
480 478 479
27 475 482
121 481 475
123 482 481
482 475 481
121 477 481
122 479 477
123 481 479
481 477 479
22 422 476
108 483 422
122 476 483
476 422 483
23 484 418
124 485 484
108 418 485
418 484 485
28 480 487
122 486 480
124 487 486
487 480 486
122 483 486
108 485 483
124 486 485
486 483 485
23 488 484
125 489 488
124 484 489
484 488 489
29 490 492
126 491 490
125 492 491
492 490 491
28 487 494
124 493 487
126 494 493
494 487 493
124 489 493
125 491 489
126 493 491
493 489 491
23 434 488
111 495 434
125 488 495
488 434 495
24 496 430
127 497 496
111 430 497
430 496 497
29 492 499
125 498 492
127 499 498
499 492 498
125 495 498
111 497 495
127 498 497
498 495 497
24 500 496
128 501 500
127 496 501
496 500 501
25 502 504
129 503 502
128 504 503
504 502 503
29 499 506
127 505 499
129 506 505
506 499 505
127 501 505
128 503 501
129 505 503
505 501 503
24 446 500
114 507 446
128 500 507
500 446 507
20 452 442
117 508 452
114 442 508
442 452 508
25 504 456
128 509 504
117 456 509
456 504 509
128 507 509
114 508 507
117 509 508
509 507 508
25 510 512
130 511 510
132 512 511
512 510 511
31 513 515
131 514 513
130 515 514
515 513 514
30 516 518
132 517 516
131 518 517
518 516 517
132 511 517
130 514 511
131 517 514
517 511 514
25 458 510
116 519 458
130 510 519
510 458 519
26 520 453
133 521 520
116 453 521
453 520 521
31 515 523
130 522 515
133 523 522
523 515 522
130 519 522
116 521 519
133 522 521
522 519 521
26 524 520
134 525 524
133 520 525
520 524 525
32 526 528
135 527 526
134 528 527
528 526 527
31 523 530
133 529 523
135 530 529
530 523 529
133 525 529
134 527 525
135 529 527
529 525 527
26 470 524
120 531 470
134 524 531
524 470 531
27 532 466
136 533 532
120 466 533
466 532 533
32 528 535
134 534 528
136 535 534
535 528 534
134 531 534
120 533 531
136 534 533
534 531 533
27 536 532
137 537 536
136 532 537
532 536 537
33 538 540
138 539 538
137 540 539
540 538 539
32 535 542
136 541 535
138 542 541
542 535 541
136 537 541
137 539 537
138 541 539
541 537 539
27 482 536
123 543 482
137 536 543
536 482 543
28 544 478
139 545 544
123 478 545
478 544 545
33 540 547
137 546 540
139 547 546
547 540 546
137 543 546
123 545 543
139 546 545
546 543 545
28 548 544
140 549 548
139 544 549
544 548 549
34 550 552
141 551 550
140 552 551
552 550 551
33 547 554
139 553 547
141 554 553
554 547 553
139 549 553
140 551 549
141 553 551
553 549 551
28 494 548
126 555 494
140 548 555
548 494 555
29 556 490
142 557 556
126 490 557
490 556 557
34 552 559
140 558 552
142 559 558
559 552 558
140 555 558
126 557 555
142 558 557
558 555 557
29 560 556
143 561 560
142 556 561
556 560 561
30 562 564
144 563 562
143 564 563
564 562 563
34 559 566
142 565 559
144 566 565
566 559 565
142 561 565
143 563 561
144 565 563
565 561 563
29 506 560
129 567 506
143 560 567
560 506 567
25 512 502
132 568 512
129 502 568
502 512 568
30 564 516
143 569 564
132 516 569
516 564 569
143 567 569
129 568 567
132 569 568
569 567 568
30 570 572
145 571 570
147 572 571
572 570 571
36 573 575
146 574 573
145 575 574
575 573 574
35 576 578
147 577 576
146 578 577
578 576 577
147 571 577
145 574 571
146 577 574
577 571 574
30 518 570
131 579 518
145 570 579
570 518 579
31 580 513
148 581 580
131 513 581
513 580 581
36 575 583
145 582 575
148 583 582
583 575 582
145 579 582
131 581 579
148 582 581
582 579 581
31 584 580
149 585 584
148 580 585
580 584 585
37 586 588
150 587 586
149 588 587
588 586 587
36 583 590
148 589 583
150 590 589
590 583 589
148 585 589
149 587 585
150 589 587
589 585 587
31 530 584
135 591 530
149 584 591
584 530 591
32 592 526
151 593 592
135 526 593
526 592 593
37 588 595
149 594 588
151 595 594
595 588 594
149 591 594
135 593 591
151 594 593
594 591 593
32 596 592
152 597 596
151 592 597
592 596 597
38 598 600
153 599 598
152 600 599
600 598 599
37 595 602
151 601 595
153 602 601
602 595 601
151 597 601
152 599 597
153 601 599
601 597 599
32 542 596
138 603 542
152 596 603
596 542 603
33 604 538
154 605 604
138 538 605
538 604 605
38 600 607
152 606 600
154 607 606
607 600 606
152 603 606
138 605 603
154 606 605
606 603 605
33 608 604
155 609 608
154 604 609
604 608 609
39 610 612
156 611 610
155 612 611
612 610 611
38 607 614
154 613 607
156 614 613
614 607 613
154 609 613
155 611 609
156 613 611
613 609 611
33 554 608
141 615 554
155 608 615
608 554 615
34 616 550
157 617 616
141 550 617
550 616 617
39 612 619
155 618 612
157 619 618
619 612 618
155 615 618
141 617 615
157 618 617
618 615 617
34 620 616
158 621 620
157 616 621
616 620 621
35 622 624
159 623 622
158 624 623
624 622 623
39 619 626
157 625 619
159 626 625
626 619 625
157 621 625
158 623 621
159 625 623
625 621 623
34 566 620
144 627 566
158 620 627
620 566 627
30 572 562
147 628 572
144 562 628
562 572 628
35 624 576
158 629 624
147 576 629
576 624 629
158 627 629
144 628 627
147 629 628
629 627 628
35 630 632
160 631 630
162 632 631
632 630 631
41 633 635
161 634 633
160 635 634
635 633 634
40 636 638
162 637 636
161 638 637
638 636 637
162 631 637
160 634 631
161 637 634
637 631 634
35 578 630
146 639 578
160 630 639
630 578 639
36 640 573
163 641 640
146 573 641
573 640 641
41 635 643
160 642 635
163 643 642
643 635 642
160 639 642
146 641 639
163 642 641
642 639 641
36 644 640
164 645 644
163 640 645
640 644 645
42 646 648
165 647 646
164 648 647
648 646 647
41 643 650
163 649 643
165 650 649
650 643 649
163 645 649
164 647 645
165 649 647
649 645 647
36 590 644
150 651 590
164 644 651
644 590 651
37 652 586
166 653 652
150 586 653
586 652 653
42 648 655
164 654 648
166 655 654
655 648 654
164 651 654
150 653 651
166 654 653
654 651 653
37 656 652
167 657 656
166 652 657
652 656 657
43 658 660
168 659 658
167 660 659
660 658 659
42 655 662
166 661 655
168 662 661
662 655 661
166 657 661
167 659 657
168 661 659
661 657 659
37 602 656
153 663 602
167 656 663
656 602 663
38 664 598
169 665 664
153 598 665
598 664 665
43 660 667
167 666 660
169 667 666
667 660 666
167 663 666
153 665 663
169 666 665
666 663 665
38 668 664
170 669 668
169 664 669
664 668 669
44 670 672
171 671 670
170 672 671
672 670 671
43 667 674
169 673 667
171 674 673
674 667 673
169 669 673
170 671 669
171 673 671
673 669 671
38 614 668
156 675 614
170 668 675
668 614 675
39 676 610
172 677 676
156 610 677
610 676 677
44 672 679
170 678 672
172 679 678
679 672 678
170 675 678
156 677 675
172 678 677
678 675 677
39 680 676
173 681 680
172 676 681
676 680 681
40 682 684
174 683 682
173 684 683
684 682 683
44 679 686
172 685 679
174 686 685
686 679 685
172 681 685
173 683 681
174 685 683
685 681 683
39 626 680
159 687 626
173 680 687
680 626 687
35 632 622
162 688 632
159 622 688
622 632 688
40 684 636
173 689 684
162 636 689
636 684 689
173 687 689
159 688 687
162 689 688
689 687 688
40 690 692
175 691 690
177 692 691
692 690 691
46 693 695
176 694 693
175 695 694
695 693 694
45 696 698
177 697 696
176 698 697
698 696 697
177 691 697
175 694 691
176 697 694
697 691 694
40 638 690
161 699 638
175 690 699
690 638 699
41 700 633
178 701 700
161 633 701
633 700 701
46 695 703
175 702 695
178 703 702
703 695 702
175 699 702
161 701 699
178 702 701
702 699 701
41 704 700
179 705 704
178 700 705
700 704 705
47 706 708
180 707 706
179 708 707
708 706 707
46 703 710
178 709 703
180 710 709
710 703 709
178 705 709
179 707 705
180 709 707
709 705 707
41 650 704
165 711 650
179 704 711
704 650 711
42 712 646
181 713 712
165 646 713
646 712 713
47 708 715
179 714 708
181 715 714
715 708 714
179 711 714
165 713 711
181 714 713
714 711 713
42 716 712
182 717 716
181 712 717
712 716 717
48 718 720
183 719 718
182 720 719
720 718 719
47 715 722
181 721 715
183 722 721
722 715 721
181 717 721
182 719 717
183 721 719
721 717 719
42 662 716
168 723 662
182 716 723
716 662 723
43 724 658
184 725 724
168 658 725
658 724 725
48 720 727
182 726 720
184 727 726
727 720 726
182 723 726
168 725 723
184 726 725
726 723 725
43 728 724
185 729 728
184 724 729
724 728 729
49 730 732
186 731 730
185 732 731
732 730 731
48 727 734
184 733 727
186 734 733
734 727 733
184 729 733
185 731 729
186 733 731
733 729 731
43 674 728
171 735 674
185 728 735
728 674 735
44 736 670
187 737 736
171 670 737
670 736 737
49 732 739
185 738 732
187 739 738
739 732 738
185 735 738
171 737 735
187 738 737
738 735 737
44 740 736
188 741 740
187 736 741
736 740 741
45 742 744
189 743 742
188 744 743
744 742 743
49 739 746
187 745 739
189 746 745
746 739 745
187 741 745
188 743 741
189 745 743
745 741 743
44 686 740
174 747 686
188 740 747
740 686 747
40 692 682
177 748 692
174 682 748
682 692 748
45 744 696
188 749 744
177 696 749
696 744 749
188 747 749
174 748 747
177 749 748
749 747 748
45 750 752
190 751 750
191 752 751
752 750 751
1 213 754
53 753 213
190 754 753
754 213 753
0 755 209
191 756 755
53 209 756
209 755 756
191 751 756
190 753 751
53 756 753
756 751 753
45 698 750
176 757 698
190 750 757
750 698 757
46 758 693
192 759 758
176 693 759
693 758 759
1 754 761
190 760 754
192 761 760
761 754 760
190 757 760
176 759 757
192 760 759
760 757 759
46 762 758
193 763 762
192 758 763
758 762 763
2 227 765
57 764 227
193 765 764
765 227 764
1 761 223
192 766 761
57 223 766
223 761 766
192 763 766
193 764 763
57 766 764
766 763 764
46 710 762
180 767 710
193 762 767
762 710 767
47 768 706
194 769 768
180 706 769
706 768 769
2 765 771
193 770 765
194 771 770
771 765 770
193 767 770
180 769 767
194 770 769
770 767 769
47 772 768
195 773 772
194 768 773
768 772 773
3 241 775
61 774 241
195 775 774
775 241 774
2 771 237
194 776 771
61 237 776
237 771 776
194 773 776
195 774 773
61 776 774
776 773 774
47 722 772
183 777 722
195 772 777
772 722 777
48 778 718
196 779 778
183 718 779
718 778 779
3 775 781
195 780 775
196 781 780
781 775 780
195 777 780
183 779 777
196 780 779
780 777 779
48 782 778
197 783 782
196 778 783
778 782 783
4 255 785
65 784 255
197 785 784
785 255 784
3 781 251
196 786 781
65 251 786
251 781 786
196 783 786
197 784 783
65 786 784
786 783 784
48 734 782
186 787 734
197 782 787
782 734 787
49 788 730
198 789 788
186 730 789
730 788 789
4 785 791
197 790 785
198 791 790
791 785 790
197 787 790
186 789 787
198 790 789
790 787 789
49 792 788
199 793 792
198 788 793
788 792 793
0 268 795
69 794 268
199 795 794
795 268 794
4 791 265
198 796 791
69 265 796
265 791 796
198 793 796
199 794 793
69 796 794
796 793 794
49 746 792
189 797 746
199 792 797
792 746 797
45 752 742
191 798 752
189 742 798
742 752 798
0 795 755
199 799 795
191 755 799
755 795 799
199 797 799
189 798 797
191 799 798
799 797 798
