2.625630000000000130e+00 0.000000000000000000e+00 -1.734719999999999965e-18
2.110840000000000050e+00 7.457249999999999712e-01 -8.304690000000000683e-02
1.277910000000000101e+00 4.608780000000000099e-01 -5.132810000000000150e-02
1.277910000000000101e+00 -4.608780000000000099e-01 5.132810000000000150e-02
2.110840000000000050e+00 -7.457249999999999712e-01 8.304690000000000683e-02
2.124159999999999826e+00 0.000000000000000000e+00 1.543080000000000007e+00
1.756520000000000081e+00 7.457249999999999712e-01 1.173410000000000064e+00
1.064009999999999900e+00 4.608780000000000099e-01 7.096090000000000453e-01
1.003659999999999997e+00 -4.608780000000000099e-01 7.926560000000000272e-01
1.658870000000000067e+00 -7.457249999999999712e-01 1.307779999999999943e+00
8.113810000000000189e-01 0.000000000000000000e+00 2.496980000000000199e+00
7.312809999999999588e-01 7.457249999999999712e-01 1.981859999999999955e+00
4.437030000000000141e-01 4.608780000000000099e-01 1.199719999999999898e+00
3.460469999999999935e-01 -4.608780000000000099e-01 1.231440000000000090e+00
5.732660000000000533e-01 -7.457249999999999712e-01 2.033189999999999831e+00
-8.113810000000000189e-01 0.000000000000000000e+00 2.496980000000000199e+00
-5.732660000000000533e-01 7.457249999999999712e-01 2.033189999999999831e+00
-3.460469999999999935e-01 4.608780000000000099e-01 1.231440000000000090e+00
-4.437030000000000141e-01 -4.608780000000000099e-01 1.199719999999999898e+00
-7.312809999999999588e-01 -7.457249999999999712e-01 1.981859999999999955e+00
-2.124159999999999826e+00 0.000000000000000000e+00 1.543080000000000007e+00
-1.658870000000000067e+00 7.457249999999999712e-01 1.307779999999999943e+00
-1.003659999999999997e+00 4.608780000000000099e-01 7.926560000000000272e-01
-1.064009999999999900e+00 -4.608780000000000099e-01 7.096090000000000453e-01
-1.756520000000000081e+00 -7.457249999999999712e-01 1.173410000000000064e+00
-2.625620000000000065e+00 0.000000000000000000e+00 6.938890000000000369e-18
-2.110840000000000050e+00 7.457249999999999712e-01 8.304690000000000683e-02
-1.277910000000000101e+00 4.608780000000000099e-01 5.132810000000000150e-02
-1.277910000000000101e+00 -4.608780000000000099e-01 -5.132810000000000150e-02
-2.110840000000000050e+00 -7.457249999999999712e-01 -8.304690000000000683e-02
-2.124159999999999826e+00 0.000000000000000000e+00 -1.543080000000000007e+00
-1.756520000000000081e+00 7.457249999999999712e-01 -1.173410000000000064e+00
-1.064009999999999900e+00 4.608780000000000099e-01 -7.096090000000000453e-01
-1.003659999999999997e+00 -4.608780000000000099e-01 -7.926560000000000272e-01
-1.658870000000000067e+00 -7.457249999999999712e-01 -1.307779999999999943e+00
-8.113810000000000189e-01 0.000000000000000000e+00 -2.496980000000000199e+00
-7.312809999999999588e-01 7.457249999999999712e-01 -1.981859999999999955e+00
-4.437030000000000141e-01 4.608780000000000099e-01 -1.199719999999999898e+00
-3.460469999999999935e-01 -4.608780000000000099e-01 -1.231440000000000090e+00
-5.732660000000000533e-01 -7.457249999999999712e-01 -2.033189999999999831e+00
8.113810000000000189e-01 0.000000000000000000e+00 -2.496980000000000199e+00
5.732660000000000533e-01 7.457249999999999712e-01 -2.033189999999999831e+00
3.460469999999999935e-01 4.608780000000000099e-01 -1.231440000000000090e+00
4.437030000000000141e-01 -4.608780000000000099e-01 -1.199719999999999898e+00
7.312809999999999588e-01 -7.457249999999999712e-01 -1.981859999999999955e+00
2.124159999999999826e+00 0.000000000000000000e+00 -1.543080000000000007e+00
1.658870000000000067e+00 7.457249999999999712e-01 -1.307779999999999943e+00
1.003659999999999997e+00 4.608780000000000099e-01 -7.926560000000000272e-01
1.064009999999999900e+00 -4.608780000000000099e-01 -7.096090000000000453e-01
1.756520000000000081e+00 -7.457249999999999712e-01 -1.173410000000000064e+00
2.367249999999999854e+00 4.550130000000000008e-01 7.077189999999999870e-01
2.033180000000000209e+00 4.550130000000000008e-01 1.406709999999999905e+00
2.491389999999999993e+00 0.000000000000000000e+00 8.093630000000000546e-01
2.471849999999999881e+00 4.550130000000000008e-01 -5.686329999999999857e-02
2.031169999999999920e+00 7.457249999999999712e-01 5.706909999999999483e-01
1.601979999999999960e+00 7.362199999999999855e-01 4.212339999999999973e-01
1.392840000000000078e+00 7.362199999999999855e-01 8.981679999999999664e-01
1.654800000000000049e+00 7.362199999999999855e-01 -9.201560000000000294e-02
1.234070000000000000e+00 4.608780000000000099e-01 3.458280000000000243e-01
1.092969999999999997e+00 -6.938890000000000369e-18 3.551130000000000120e-01
9.302169999999999606e-01 -6.938890000000000369e-18 6.758709999999999996e-01
1.149839999999999973e+00 -3.469449999999999670e-18 0.000000000000000000e+00
1.201670000000000016e+00 -4.608780000000000099e-01 4.455430000000000224e-01
1.543649999999999967e+00 -7.362199999999999855e-01 6.007379999999999942e-01
1.284650000000000070e+00 -7.362199999999999855e-01 1.047050000000000036e+00
1.654800000000000049e+00 -7.362199999999999855e-01 9.201560000000000294e-02
1.978730000000000100e+00 -7.457249999999999712e-01 7.320269999999999833e-01
2.331179999999999808e+00 -4.550130000000000008e-01 8.186480000000000423e-01
1.966320000000000068e+00 -4.550130000000000008e-01 1.498729999999999896e+00
2.471849999999999881e+00 -4.550130000000000008e-01 5.686329999999999857e-02
1.499079999999999968e+00 4.550130000000000008e-01 1.963920000000000110e+00
8.179509999999999836e-01 4.550130000000000008e-01 2.333200000000000163e+00
1.539770000000000083e+00 0.000000000000000000e+00 2.119120000000000115e+00
1.307749999999999968e+00 7.457249999999999712e-01 1.655580000000000052e+00
1.048399999999999999e+00 7.362199999999999855e-01 1.282480000000000064e+00
5.988769999999999927e-01 7.362199999999999855e-01 1.545490000000000030e+00
7.950840000000000130e-01 4.608780000000000099e-01 1.005279999999999951e+00
6.754710000000000436e-01 -6.938890000000000369e-18 9.298710000000000031e-01
3.552969999999999740e-01 -6.938890000000000369e-18 1.093800000000000106e+00
7.102420000000000400e-01 -4.608780000000000099e-01 1.066899999999999959e+00
8.956690000000000484e-01 -7.362199999999999855e-01 1.393410000000000037e+00
4.238080000000000180e-01 -7.362199999999999855e-01 1.602349999999999941e+00
1.170479999999999965e+00 -7.457249999999999712e-01 1.755300000000000082e+00
1.404709999999999903e+00 -4.550130000000000008e-01 2.032500000000000195e+00
7.097449999999999593e-01 -4.550130000000000008e-01 2.368349999999999955e+00
5.835470000000000240e-02 4.550130000000000008e-01 2.470050000000000079e+00
-7.097449999999999593e-01 4.550130000000000008e-01 2.368349999999999955e+00
0.000000000000000000e+00 0.000000000000000000e+00 2.619510000000000005e+00
8.485389999999999600e-02 7.457249999999999712e-01 2.108159999999999812e+00
9.439770000000000105e-02 7.362199999999999855e-01 1.653909999999999991e+00
-4.238080000000000180e-01 7.362199999999999855e-01 1.602349999999999941e+00
5.243749999999999800e-02 4.608780000000000099e-01 1.280799999999999939e+00
1.040830000000000031e-17 -6.938890000000000369e-18 1.149520000000000097e+00
-3.552969999999999740e-01 -6.938890000000000369e-18 1.093800000000000106e+00
-5.243749999999999800e-02 -4.608780000000000099e-01 1.280799999999999939e+00
-9.439770000000000105e-02 -7.362199999999999855e-01 1.653909999999999991e+00
-5.988769999999999927e-01 -7.362199999999999855e-01 1.545490000000000030e+00
-8.485389999999999600e-02 -7.457249999999999712e-01 2.108159999999999812e+00
-5.835470000000000240e-02 -4.550130000000000008e-01 2.470050000000000079e+00
-8.179509999999999836e-01 -4.550130000000000008e-01 2.333200000000000163e+00
-1.404709999999999903e+00 4.550130000000000008e-01 2.032500000000000195e+00
-1.966320000000000068e+00 4.550130000000000008e-01 1.498729999999999896e+00
-1.539770000000000083e+00 0.000000000000000000e+00 2.119120000000000115e+00
-1.170479999999999965e+00 7.457249999999999712e-01 1.755300000000000082e+00
-8.956690000000000484e-01 7.362199999999999855e-01 1.393410000000000037e+00
-1.284650000000000070e+00 7.362199999999999855e-01 1.047050000000000036e+00
-7.102420000000000400e-01 4.608780000000000099e-01 1.066899999999999959e+00
-6.754710000000000436e-01 -6.938890000000000369e-18 9.298710000000000031e-01
-9.302169999999999606e-01 -6.938890000000000369e-18 6.758709999999999996e-01
-7.950840000000000130e-01 -4.608780000000000099e-01 1.005279999999999951e+00
-1.048399999999999999e+00 -7.362199999999999855e-01 1.282480000000000064e+00
-1.392840000000000078e+00 -7.362199999999999855e-01 8.981679999999999664e-01
-1.307749999999999968e+00 -7.457249999999999712e-01 1.655580000000000052e+00
-1.499079999999999968e+00 -4.550130000000000008e-01 1.963920000000000110e+00
-2.033180000000000209e+00 -4.550130000000000008e-01 1.406709999999999905e+00
-2.331179999999999808e+00 4.550130000000000008e-01 8.186480000000000423e-01
-2.471849999999999881e+00 4.550130000000000008e-01 5.686329999999999857e-02
-2.491389999999999993e+00 0.000000000000000000e+00 8.093630000000000546e-01
-1.978730000000000100e+00 7.457249999999999712e-01 7.320269999999999833e-01
-1.543649999999999967e+00 7.362199999999999855e-01 6.007379999999999942e-01
-1.654800000000000049e+00 7.362199999999999855e-01 9.201560000000000294e-02
-1.201670000000000016e+00 4.608780000000000099e-01 4.455430000000000224e-01
-1.092969999999999997e+00 -6.938890000000000369e-18 3.551130000000000120e-01
-1.149839999999999973e+00 -6.938890000000000369e-18 0.000000000000000000e+00
-1.234070000000000000e+00 -4.608780000000000099e-01 3.458280000000000243e-01
-1.601979999999999960e+00 -7.362199999999999855e-01 4.212339999999999973e-01
-1.654800000000000049e+00 -7.362199999999999855e-01 -9.201560000000000294e-02
-2.031169999999999920e+00 -7.457249999999999712e-01 5.706909999999999483e-01
-2.367249999999999854e+00 -4.550130000000000008e-01 7.077189999999999870e-01
-2.471849999999999881e+00 -4.550130000000000008e-01 -5.686329999999999857e-02
-2.367249999999999854e+00 4.550130000000000008e-01 -7.077189999999999870e-01
-2.033180000000000209e+00 4.550130000000000008e-01 -1.406709999999999905e+00
-2.491389999999999993e+00 0.000000000000000000e+00 -8.093630000000000546e-01
-2.031169999999999920e+00 7.457249999999999712e-01 -5.706909999999999483e-01
-1.601979999999999960e+00 7.362199999999999855e-01 -4.212339999999999973e-01
-1.392840000000000078e+00 7.362199999999999855e-01 -8.981679999999999664e-01
-1.234070000000000000e+00 4.608780000000000099e-01 -3.458280000000000243e-01
-1.092969999999999997e+00 -6.938890000000000369e-18 -3.551130000000000120e-01
-9.302169999999999606e-01 -6.938890000000000369e-18 -6.758709999999999996e-01
-1.201670000000000016e+00 -4.608780000000000099e-01 -4.455430000000000224e-01
-1.543649999999999967e+00 -7.362199999999999855e-01 -6.007379999999999942e-01
-1.284650000000000070e+00 -7.362199999999999855e-01 -1.047050000000000036e+00
-1.978730000000000100e+00 -7.457249999999999712e-01 -7.320269999999999833e-01
-2.331179999999999808e+00 -4.550130000000000008e-01 -8.186480000000000423e-01
-1.966320000000000068e+00 -4.550130000000000008e-01 -1.498729999999999896e+00
-1.499079999999999968e+00 4.550130000000000008e-01 -1.963920000000000110e+00
-8.179509999999999836e-01 4.550130000000000008e-01 -2.333200000000000163e+00
-1.539770000000000083e+00 0.000000000000000000e+00 -2.119120000000000115e+00
-1.307749999999999968e+00 7.457249999999999712e-01 -1.655580000000000052e+00
-1.048399999999999999e+00 7.362199999999999855e-01 -1.282480000000000064e+00
-5.988769999999999927e-01 7.362199999999999855e-01 -1.545490000000000030e+00
-7.950840000000000130e-01 4.608780000000000099e-01 -1.005279999999999951e+00
-6.754710000000000436e-01 -6.938890000000000369e-18 -9.298710000000000031e-01
-3.552969999999999740e-01 -6.938890000000000369e-18 -1.093800000000000106e+00
-7.102420000000000400e-01 -4.608780000000000099e-01 -1.066899999999999959e+00
-8.956690000000000484e-01 -7.362199999999999855e-01 -1.393410000000000037e+00
-4.238080000000000180e-01 -7.362199999999999855e-01 -1.602349999999999941e+00
-1.170479999999999965e+00 -7.457249999999999712e-01 -1.755300000000000082e+00
-1.404709999999999903e+00 -4.550130000000000008e-01 -2.032500000000000195e+00
-7.097449999999999593e-01 -4.550130000000000008e-01 -2.368349999999999955e+00
-5.835470000000000240e-02 4.550130000000000008e-01 -2.470050000000000079e+00
7.097449999999999593e-01 4.550130000000000008e-01 -2.368349999999999955e+00
0.000000000000000000e+00 0.000000000000000000e+00 -2.619510000000000005e+00
-8.485389999999999600e-02 7.457249999999999712e-01 -2.108159999999999812e+00
-9.439770000000000105e-02 7.362199999999999855e-01 -1.653909999999999991e+00
4.238080000000000180e-01 7.362199999999999855e-01 -1.602349999999999941e+00
-5.243749999999999800e-02 4.608780000000000099e-01 -1.280799999999999939e+00
-1.040830000000000031e-17 -6.938890000000000369e-18 -1.149520000000000097e+00
3.552969999999999740e-01 -6.938890000000000369e-18 -1.093800000000000106e+00
5.243749999999999800e-02 -4.608780000000000099e-01 -1.280799999999999939e+00
9.439770000000000105e-02 -7.362199999999999855e-01 -1.653909999999999991e+00
5.988769999999999927e-01 -7.362199999999999855e-01 -1.545490000000000030e+00
8.485389999999999600e-02 -7.457249999999999712e-01 -2.108159999999999812e+00
5.835470000000000240e-02 -4.550130000000000008e-01 -2.470050000000000079e+00
8.179509999999999836e-01 -4.550130000000000008e-01 -2.333200000000000163e+00
1.404709999999999903e+00 4.550130000000000008e-01 -2.032500000000000195e+00
1.966320000000000068e+00 4.550130000000000008e-01 -1.498729999999999896e+00
1.539770000000000083e+00 0.000000000000000000e+00 -2.119120000000000115e+00
1.170479999999999965e+00 7.457249999999999712e-01 -1.755300000000000082e+00
8.956690000000000484e-01 7.362199999999999855e-01 -1.393410000000000037e+00
1.284650000000000070e+00 7.362199999999999855e-01 -1.047050000000000036e+00
7.102420000000000400e-01 4.608780000000000099e-01 -1.066899999999999959e+00
6.754710000000000436e-01 -6.938890000000000369e-18 -9.298710000000000031e-01
9.302169999999999606e-01 -6.938890000000000369e-18 -6.758709999999999996e-01
7.950840000000000130e-01 -4.608780000000000099e-01 -1.005279999999999951e+00
1.048399999999999999e+00 -7.362199999999999855e-01 -1.282480000000000064e+00
1.392840000000000078e+00 -7.362199999999999855e-01 -8.981679999999999664e-01
1.307749999999999968e+00 -7.457249999999999712e-01 -1.655580000000000052e+00
1.499079999999999968e+00 -4.550130000000000008e-01 -1.963920000000000110e+00
2.033180000000000209e+00 -4.550130000000000008e-01 -1.406709999999999905e+00
2.331179999999999808e+00 4.550130000000000008e-01 -8.186480000000000423e-01
2.491389999999999993e+00 0.000000000000000000e+00 -8.093630000000000546e-01
1.978730000000000100e+00 7.457249999999999712e-01 -7.320269999999999833e-01
1.543649999999999967e+00 7.362199999999999855e-01 -6.007379999999999942e-01
1.201670000000000016e+00 4.608780000000000099e-01 -4.455430000000000224e-01
1.092969999999999997e+00 -3.469449999999999670e-18 -3.551130000000000120e-01
1.234070000000000000e+00 -4.608780000000000099e-01 -3.458280000000000243e-01
1.601979999999999960e+00 -7.362199999999999855e-01 -4.212339999999999973e-01
2.031169999999999920e+00 -7.457249999999999712e-01 -5.706909999999999483e-01
2.367249999999999854e+00 -4.550130000000000008e-01 -7.077189999999999870e-01
2.554879999999999818e+00 2.377749999999999864e-01 3.709689999999999932e-01
2.462450000000000028e+00 2.377749999999999864e-01 7.655629999999999935e-01
2.589809999999999945e+00 0.000000000000000000e+00 4.090309999999999779e-01
1.911980000000000013e+00 6.311750000000000416e-01 1.298440000000000039e+00
2.226620000000000044e+00 4.550130000000000008e-01 1.070270000000000055e+00
2.090700000000000003e+00 6.311750000000000416e-01 9.823749999999999982e-01
2.335649999999999782e+00 0.000000000000000000e+00 1.191089999999999982e+00
2.312300000000000022e+00 2.377749999999999864e-01 1.142759999999999998e+00
2.107870000000000132e+00 2.377749999999999864e-01 1.492040000000000033e+00
2.582440000000000069e+00 2.377749999999999864e-01 -3.171870000000000245e-02
2.449759999999999938e+00 4.550130000000000008e-01 3.289839999999999987e-01
2.096769999999999801e+00 7.457249999999999712e-01 2.463980000000000059e-01
2.292079999999999895e+00 6.311750000000000416e-01 2.874610000000000221e-01
2.310119999999999951e+00 6.311750000000000416e-01 -7.324219999999999342e-02
2.218059999999999921e+00 6.311750000000000416e-01 6.420310000000000183e-01
1.916979999999999906e+00 7.457249999999999712e-01 8.827190000000000314e-01
1.876039999999999930e+00 7.781249999999999556e-01 2.014140000000000097e-01
1.820130000000000026e+00 7.781249999999999556e-01 4.915080000000000005e-01
1.213680000000000092e+00 6.278559999999999697e-01 7.866020000000000234e-01
1.515460000000000029e+00 7.362199999999999855e-01 6.674299999999999677e-01
1.321730000000000071e+00 6.278559999999999697e-01 5.853049999999999642e-01
1.720390000000000086e+00 7.781249999999999556e-01 7.712970000000000104e-01
1.579460000000000086e+00 7.781249999999999556e-01 1.032690000000000108e+00
1.884859999999999980e+00 7.781249999999999556e-01 -9.285160000000000635e-02
1.649429999999999952e+00 7.362199999999999855e-01 1.666950000000000098e-01
1.272040000000000060e+00 4.608780000000000099e-01 1.493359999999999965e-01
1.440050000000000052e+00 6.278559999999999697e-01 1.493359999999999965e-01
1.444260000000000099e+00 6.278559999999999697e-01 -7.699219999999999675e-02
1.398749999999999938e+00 6.278559999999999697e-01 3.714919999999999889e-01
1.163720000000000088e+00 4.608780000000000099e-01 5.339770000000000350e-01
1.170560000000000045e+00 2.431310000000000138e-01 1.596019999999999939e-01
1.132600000000000051e+00 2.431310000000000138e-01 3.406950000000000256e-01
9.406949999999999479e-01 -2.431310000000000138e-01 7.152030000000000332e-01
1.024610000000000021e+00 -6.938890000000000369e-18 5.217500000000000471e-01
1.040799999999999947e+00 -2.431310000000000138e-01 5.588910000000000267e-01
1.065579999999999972e+00 2.431310000000000138e-01 5.134450000000000403e-01
9.708710000000000395e-01 2.431310000000000138e-01 6.736799999999999455e-01
1.181440000000000046e+00 2.431310000000000138e-01 -2.566409999999999872e-02
1.135620000000000074e+00 -6.938890000000000369e-18 1.801329999999999876e-01
1.255360000000000031e+00 -4.608780000000000099e-01 2.519919999999999938e-01
1.163890000000000091e+00 -2.431310000000000138e-01 2.109300000000000064e-01
1.181440000000000046e+00 -2.431310000000000138e-01 2.566409999999999872e-02
1.116549999999999931e+00 -2.431310000000000138e-01 3.900629999999999931e-01
1.116870000000000029e+00 -4.608780000000000099e-01 6.268280000000000518e-01
1.413359999999999950e+00 -6.278559999999999697e-01 3.033199999999999785e-01
1.349990000000000023e+00 -6.278559999999999697e-01 5.215549999999999908e-01
1.470290000000000097e+00 -7.781249999999999556e-01 1.182919999999999972e+00
1.432399999999999896e+00 -7.362199999999999855e-01 8.345620000000000260e-01
1.636139999999999928e+00 -7.781249999999999556e-01 9.396409999999999485e-01
1.252799999999999914e+00 -6.278559999999999697e-01 7.255620000000000402e-01
1.123150000000000093e+00 -6.278559999999999697e-01 9.111719999999999819e-01
1.444260000000000099e+00 -6.278559999999999697e-01 7.699219999999999675e-02
1.618379999999999930e+00 -7.362199999999999855e-01 3.507270000000000110e-01
2.069780000000000175e+00 -7.457249999999999712e-01 4.124920000000000253e-01
1.845229999999999926e+00 -7.781249999999999556e-01 3.871169999999999889e-01
1.884859999999999980e+00 -7.781249999999999556e-01 9.285160000000000635e-02
1.761449999999999960e+00 -7.781249999999999556e-01 6.720779999999999532e-01
1.841159999999999908e+00 -7.457249999999999712e-01 1.032950000000000035e+00
2.268909999999999982e+00 -6.311750000000000416e-01 4.339450000000000252e-01
2.171870000000000189e+00 -6.311750000000000416e-01 7.841329999999999689e-01
2.070570000000000022e+00 -2.377749999999999864e-01 1.543369999999999909e+00
2.175279999999999880e+00 -4.550130000000000008e-01 1.173550000000000093e+00
2.285010000000000208e+00 -2.377749999999999864e-01 1.201349999999999918e+00
2.023309999999999942e+00 -6.311750000000000416e-01 1.114500000000000046e+00
1.825860000000000039e+00 -6.311750000000000416e-01 1.416949999999999932e+00
2.310119999999999951e+00 -6.311750000000000416e-01 7.324219999999999342e-02
2.430559999999999832e+00 -4.550130000000000008e-01 4.427110000000000212e-01
2.542499999999999982e+00 -2.377749999999999864e-01 4.344060000000000143e-01
2.582440000000000069e+00 -2.377749999999999864e-01 3.171870000000000245e-02
2.442219999999999835e+00 -2.377749999999999864e-01 8.277889999999999970e-01
1.848840000000000039e+00 2.377749999999999864e-01 1.801679999999999948e+00
1.542100000000000026e+00 2.377749999999999864e-01 2.066660000000000164e+00
1.854729999999999990e+00 0.000000000000000000e+00 1.853010000000000046e+00
7.835469999999999935e-01 6.311750000000000416e-01 2.174370000000000136e+00
1.172209999999999974e+00 4.550130000000000008e-01 2.174650000000000194e+00
1.113909999999999956e+00 6.311750000000000416e-01 2.023660000000000014e+00
1.189389999999999947e+00 0.000000000000000000e+00 2.336479999999999890e+00
1.198909999999999920e+00 2.377749999999999864e-01 2.283650000000000180e+00
8.282110000000000305e-01 2.377749999999999864e-01 2.446120000000000072e+00
1.788480000000000070e+00 4.550130000000000008e-01 1.705950000000000077e+00
1.551460000000000061e+00 7.457249999999999712e-01 1.431720000000000104e+00
1.685329999999999995e+00 6.311750000000000416e-01 1.579700000000000104e+00
1.417010000000000103e+00 6.311750000000000416e-01 1.823120000000000074e+00
1.031949999999999923e+00 7.457249999999999712e-01 1.840959999999999930e+00
1.399340000000000028e+00 7.781249999999999556e-01 1.265619999999999967e+00
1.183570000000000011e+00 7.781249999999999556e-01 1.467519999999999936e+00
5.195229999999999571e-01 6.278559999999999697e-01 1.349949999999999983e+00
8.336949999999999639e-01 7.362199999999999855e-01 1.430860000000000021e+00
7.252420000000000533e-01 6.278559999999999697e-01 1.250580000000000025e+00
9.384190000000000031e-01 7.781249999999999556e-01 1.635299999999999976e+00
6.707720000000000349e-01 7.781249999999999556e-01 1.763980000000000103e+00
1.236410000000000009e+00 7.362199999999999855e-01 1.104379999999999917e+00
9.412930000000000463e-01 4.608780000000000099e-01 8.685549999999999660e-01
1.077220000000000066e+00 6.278559999999999697e-01 9.672889999999999544e-01
9.132270000000000110e-01 6.278559999999999697e-01 1.122810000000000086e+00
6.275859999999999772e-01 4.608780000000000099e-01 1.116200000000000081e+00
8.531600000000000295e-01 2.431310000000000138e-01 8.172270000000000367e-01
7.160039999999999738e-01 2.431310000000000138e-01 9.414919999999999956e-01
3.406480000000000063e-01 -2.431310000000000138e-01 1.131780000000000008e+00
5.222269999999999968e-01 -6.938890000000000369e-18 1.024559999999999915e+00
5.134919999999999485e-01 -2.431310000000000138e-01 1.064130000000000020e+00
5.602580000000000338e-01 2.431310000000000138e-01 1.041919999999999957e+00
3.894770000000000176e-01 2.431310000000000138e-01 1.115920000000000023e+00
8.128239999999999910e-01 -6.938890000000000369e-18 8.133049999999999446e-01
8.674450000000000216e-01 -4.608780000000000099e-01 9.417969999999999953e-01
8.175860000000000349e-01 -2.431310000000000138e-01 8.548280000000000323e-01
6.740000000000000435e-01 -2.431310000000000138e-01 9.719999999999999751e-01
5.350859999999999506e-01 -4.608780000000000099e-01 1.163780000000000037e+00
9.651020000000000154e-01 -6.278559999999999697e-01 1.076170000000000071e+00
7.855469999999999953e-01 -6.278559999999999697e-01 1.215549999999999908e+00
4.941079999999999917e-01 -7.781249999999999556e-01 1.821360000000000090e+00
6.682270000000000154e-01 -7.362199999999999855e-01 1.517249999999999988e+00
7.712830000000000519e-01 -7.781249999999999556e-01 1.721980000000000066e+00
5.870079999999999742e-01 -6.278559999999999697e-01 1.323530000000000095e+00
3.730390000000000095e-01 -6.278559999999999697e-01 1.397529999999999939e+00
1.103099999999999969e+00 -7.362199999999999855e-01 1.235000000000000098e+00
1.431980000000000031e+00 -7.457249999999999712e-01 1.550229999999999997e+00
1.265230000000000077e+00 -7.781249999999999556e-01 1.397750000000000048e+00
1.029930000000000012e+00 -7.781249999999999556e-01 1.579110000000000014e+00
8.822889999999999899e-01 -7.457249999999999712e-01 1.917950000000000044e+00
1.580470000000000041e+00 -6.311750000000000416e-01 1.684609999999999941e+00
1.296110000000000095e+00 -6.311750000000000416e-01 1.910949999999999926e+00
7.678519999999999790e-01 -2.377749999999999864e-01 2.465730000000000199e+00
1.069949999999999957e+00 -4.550130000000000008e-01 2.228050000000000086e+00
1.142379999999999951e+00 -2.377749999999999864e-01 2.315020000000000078e+00
9.817139999999999755e-01 -6.311750000000000416e-01 2.090969999999999995e+00
6.441799999999999748e-01 -6.311750000000000416e-01 2.219640000000000057e+00
1.706090000000000106e+00 -4.550130000000000008e-01 1.786689999999999889e+00
1.801539999999999919e+00 -2.377749999999999864e-01 1.845739999999999936e+00
1.489160000000000039e+00 -2.377749999999999864e-01 2.105129999999999946e+00
4.366479999999999806e-01 2.377749999999999864e-01 2.544379999999999864e+00
3.273589999999999833e-02 2.377749999999999864e-01 2.578450000000000131e+00
4.112270000000000092e-01 0.000000000000000000e+00 2.589370000000000172e+00
-6.441799999999999748e-01 6.311750000000000416e-01 2.219640000000000057e+00
-3.299529999999999963e-01 4.550130000000000008e-01 2.448360000000000092e+00
-2.883359999999999812e-01 6.311750000000000416e-01 2.291949999999999932e+00
-4.112270000000000092e-01 0.000000000000000000e+00 2.589370000000000172e+00
-3.724549999999999805e-01 2.377749999999999864e-01 2.552230000000000221e+00
-7.678519999999999790e-01 2.377749999999999864e-01 2.465730000000000199e+00
4.441060000000000008e-01 4.550130000000000008e-01 2.431459999999999955e+00
4.135780000000000012e-01 7.457249999999999712e-01 2.070320000000000160e+00
4.348779999999999868e-01 6.311750000000000416e-01 2.268710000000000004e+00
7.474530000000000063e-02 6.311750000000000416e-01 2.307910000000000128e+00
-2.472109999999999863e-01 7.457249999999999712e-01 2.095979999999999954e+00
3.881560000000000010e-01 7.781249999999999556e-01 1.846549999999999914e+00
9.496250000000000524e-02 7.781249999999999556e-01 1.883040000000000047e+00
-3.730390000000000095e-01 6.278559999999999697e-01 1.397529999999999939e+00
-1.664829999999999921e-01 7.362199999999999855e-01 1.647699999999999942e+00
-1.482269999999999976e-01 6.278559999999999697e-01 1.438129999999999908e+00
-2.019640000000000046e-01 7.781249999999999556e-01 1.874640000000000084e+00
-4.941079999999999917e-01 7.781249999999999556e-01 1.821360000000000090e+00
3.511529999999999929e-01 7.362199999999999855e-01 1.620370000000000088e+00
2.510390000000000121e-01 4.608780000000000099e-01 1.256170000000000009e+00
3.029609999999999803e-01 6.278559999999999697e-01 1.415920000000000067e+00
7.891410000000000091e-02 6.278559999999999697e-01 1.445310000000000095e+00
-1.482269999999999976e-01 4.608780000000000099e-01 1.272029999999999994e+00
2.099139999999999895e-01 2.431310000000000138e-01 1.162860000000000005e+00
2.596089999999999856e-02 2.431310000000000138e-01 1.182730000000000059e+00
-3.894770000000000176e-01 -2.431310000000000138e-01 1.115920000000000023e+00
-1.795859999999999956e-01 -6.938890000000000369e-18 1.135979999999999990e+00
-2.099139999999999895e-01 -2.431310000000000138e-01 1.162860000000000005e+00
-1.590229999999999977e-01 2.431310000000000138e-01 1.172369999999999912e+00
-3.406480000000000063e-01 2.431310000000000138e-01 1.131780000000000008e+00
1.795859999999999956e-01 -6.938890000000000369e-18 1.135979999999999990e+00
1.482269999999999976e-01 -4.608780000000000099e-01 1.272029999999999994e+00
1.590229999999999977e-01 -2.431310000000000138e-01 1.172369999999999912e+00
-2.596089999999999856e-02 -2.431310000000000138e-01 1.182730000000000059e+00
-2.510390000000000121e-01 -4.608780000000000099e-01 1.256170000000000009e+00
1.482269999999999976e-01 -6.278559999999999697e-01 1.438120000000000065e+00
-7.891410000000000091e-02 -6.278559999999999697e-01 1.445310000000000095e+00
-6.707720000000000349e-01 -7.781249999999999556e-01 1.763980000000000103e+00
-3.511529999999999929e-01 -7.362199999999999855e-01 1.620370000000000088e+00
-3.881560000000000010e-01 -7.781249999999999556e-01 1.846549999999999914e+00
-3.029609999999999803e-01 -6.278559999999999697e-01 1.415920000000000067e+00
-5.195229999999999571e-01 -6.278559999999999697e-01 1.349949999999999983e+00
1.664829999999999921e-01 -7.362199999999999855e-01 1.647699999999999942e+00
2.472109999999999863e-01 -7.457249999999999712e-01 2.095979999999999954e+00
2.019640000000000046e-01 -7.781249999999999556e-01 1.874640000000000084e+00
-9.496250000000000524e-02 -7.781249999999999556e-01 1.883040000000000047e+00
-4.135780000000000012e-01 -7.457249999999999712e-01 2.070320000000000160e+00
2.883359999999999812e-01 -6.311750000000000416e-01 2.291949999999999932e+00
-7.474530000000000063e-02 -6.311750000000000416e-01 2.307910000000000128e+00
-8.282110000000000305e-01 -2.377749999999999864e-01 2.446120000000000072e+00
-4.441060000000000008e-01 -4.550130000000000008e-01 2.431459999999999955e+00
-4.366479999999999806e-01 -2.377749999999999864e-01 2.544379999999999864e+00
-4.348779999999999868e-01 -6.311750000000000416e-01 2.268710000000000004e+00
-7.835469999999999935e-01 -6.311750000000000416e-01 2.174370000000000136e+00
3.299529999999999963e-01 -4.550130000000000008e-01 2.448360000000000092e+00
3.724549999999999805e-01 -2.377749999999999864e-01 2.552230000000000221e+00
-3.273589999999999833e-02 -2.377749999999999864e-01 2.578450000000000131e+00
-1.142379999999999951e+00 2.377749999999999864e-01 2.315020000000000078e+00
-1.489160000000000039e+00 2.377749999999999864e-01 2.105129999999999946e+00
-1.189389999999999947e+00 0.000000000000000000e+00 2.336479999999999890e+00
-1.825860000000000039e+00 6.311750000000000416e-01 1.416949999999999932e+00
-1.706090000000000106e+00 4.550130000000000008e-01 1.786689999999999889e+00
-1.580470000000000041e+00 6.311750000000000416e-01 1.684609999999999941e+00
-1.854729999999999990e+00 0.000000000000000000e+00 1.853010000000000046e+00
-1.801539999999999919e+00 2.377749999999999864e-01 1.845739999999999936e+00
-2.070570000000000022e+00 2.377749999999999864e-01 1.543369999999999909e+00
-1.069949999999999957e+00 4.550130000000000008e-01 2.228050000000000086e+00
-8.822889999999999899e-01 7.457249999999999712e-01 1.917950000000000044e+00
-9.817139999999999755e-01 6.311750000000000416e-01 2.090969999999999995e+00
-1.296110000000000095e+00 6.311750000000000416e-01 1.910949999999999926e+00
-1.431980000000000031e+00 7.457249999999999712e-01 1.550229999999999997e+00
-7.712830000000000519e-01 7.781249999999999556e-01 1.721980000000000066e+00
-1.029930000000000012e+00 7.781249999999999556e-01 1.579110000000000014e+00
-1.123150000000000093e+00 6.278559999999999697e-01 9.111719999999999819e-01
-1.103099999999999969e+00 7.362199999999999855e-01 1.235000000000000098e+00
-9.651020000000000154e-01 6.278559999999999697e-01 1.076170000000000071e+00
-1.265230000000000077e+00 7.781249999999999556e-01 1.397750000000000048e+00
-1.470290000000000097e+00 7.781249999999999556e-01 1.182919999999999972e+00
-6.682270000000000154e-01 7.362199999999999855e-01 1.517249999999999988e+00
-5.350859999999999506e-01 4.608780000000000099e-01 1.163780000000000037e+00
-5.870079999999999742e-01 6.278559999999999697e-01 1.323530000000000095e+00
-7.855469999999999953e-01 6.278559999999999697e-01 1.215549999999999908e+00
-8.674450000000000216e-01 4.608780000000000099e-01 9.417969999999999953e-01
-5.134919999999999485e-01 2.431310000000000138e-01 1.064130000000000020e+00
-6.740000000000000435e-01 2.431310000000000138e-01 9.719999999999999751e-01
-9.708710000000000395e-01 -2.431310000000000138e-01 6.736799999999999455e-01
-8.128239999999999910e-01 -6.938890000000000369e-18 8.133049999999999446e-01
-8.531600000000000295e-01 -2.431310000000000138e-01 8.172270000000000367e-01
-8.175860000000000349e-01 2.431310000000000138e-01 8.548280000000000323e-01
-9.406949999999999479e-01 2.431310000000000138e-01 7.152030000000000332e-01
-5.222269999999999968e-01 -6.938890000000000369e-18 1.024559999999999915e+00
-6.275859999999999772e-01 -4.608780000000000099e-01 1.116200000000000081e+00
-5.602580000000000338e-01 -2.431310000000000138e-01 1.041919999999999957e+00
-7.160039999999999738e-01 -2.431310000000000138e-01 9.414919999999999956e-01
-9.412930000000000463e-01 -4.608780000000000099e-01 8.685549999999999660e-01
-7.252420000000000533e-01 -6.278559999999999697e-01 1.250580000000000025e+00
-9.132270000000000110e-01 -6.278559999999999697e-01 1.122810000000000086e+00
-1.579460000000000086e+00 -7.781249999999999556e-01 1.032690000000000108e+00
-1.236410000000000009e+00 -7.362199999999999855e-01 1.104379999999999917e+00
-1.399340000000000028e+00 -7.781249999999999556e-01 1.265630000000000033e+00
-1.077220000000000066e+00 -6.278559999999999697e-01 9.672889999999999544e-01
-1.213680000000000092e+00 -6.278559999999999697e-01 7.866020000000000234e-01
-8.336949999999999639e-01 -7.362199999999999855e-01 1.430860000000000021e+00
-1.031949999999999923e+00 -7.457249999999999712e-01 1.840959999999999930e+00
-9.384190000000000031e-01 -7.781249999999999556e-01 1.635299999999999976e+00
-1.183570000000000011e+00 -7.781249999999999556e-01 1.467519999999999936e+00
-1.551460000000000061e+00 -7.457249999999999712e-01 1.431720000000000104e+00
-1.113909999999999956e+00 -6.311750000000000416e-01 2.023660000000000014e+00
-1.417010000000000103e+00 -6.311750000000000416e-01 1.823120000000000074e+00
-2.107870000000000132e+00 -2.377749999999999864e-01 1.492040000000000033e+00
-1.788480000000000070e+00 -4.550130000000000008e-01 1.705950000000000077e+00
-1.848840000000000039e+00 -2.377749999999999864e-01 1.801679999999999948e+00
-1.685329999999999995e+00 -6.311750000000000416e-01 1.579700000000000104e+00
-1.911980000000000013e+00 -6.311750000000000416e-01 1.298440000000000039e+00
-1.172209999999999974e+00 -4.550130000000000008e-01 2.174650000000000194e+00
-1.198909999999999920e+00 -2.377749999999999864e-01 2.283650000000000180e+00
-1.542100000000000026e+00 -2.377749999999999864e-01 2.066660000000000164e+00
-2.285010000000000208e+00 2.377749999999999864e-01 1.201349999999999918e+00
-2.442219999999999835e+00 2.377749999999999864e-01 8.277889999999999970e-01
-2.335649999999999782e+00 0.000000000000000000e+00 1.191089999999999982e+00
-2.310119999999999951e+00 6.311750000000000416e-01 7.324219999999999342e-02
-2.430559999999999832e+00 4.550130000000000008e-01 4.427110000000000212e-01
-2.268909999999999982e+00 6.311750000000000416e-01 4.339450000000000252e-01
-2.589809999999999945e+00 0.000000000000000000e+00 4.090309999999999779e-01
-2.542499999999999982e+00 2.377749999999999864e-01 4.344060000000000143e-01
-2.582440000000000069e+00 2.377749999999999864e-01 3.171870000000000245e-02
-2.175279999999999880e+00 4.550130000000000008e-01 1.173550000000000093e+00
-1.841159999999999908e+00 7.457249999999999712e-01 1.032950000000000035e+00
-2.023309999999999942e+00 6.311750000000000416e-01 1.114500000000000046e+00
-2.171870000000000189e+00 6.311750000000000416e-01 7.841329999999999689e-01
-2.069780000000000175e+00 7.457249999999999712e-01 4.124920000000000253e-01
-1.636139999999999928e+00 7.781249999999999556e-01 9.396409999999999485e-01
-1.761449999999999960e+00 7.781249999999999556e-01 6.720779999999999532e-01
-1.444260000000000099e+00 6.278559999999999697e-01 7.699219999999999675e-02
-1.618379999999999930e+00 7.362199999999999855e-01 3.507270000000000110e-01
-1.413359999999999950e+00 6.278559999999999697e-01 3.033199999999999785e-01
-1.845229999999999926e+00 7.781249999999999556e-01 3.871169999999999889e-01
-1.884859999999999980e+00 7.781249999999999556e-01 9.285160000000000635e-02
-1.432399999999999896e+00 7.362199999999999855e-01 8.345620000000000260e-01
-1.116870000000000029e+00 4.608780000000000099e-01 6.268280000000000518e-01
-1.252799999999999914e+00 6.278559999999999697e-01 7.255620000000000402e-01
-1.349990000000000023e+00 6.278559999999999697e-01 5.215549999999999908e-01
-1.255360000000000031e+00 4.608780000000000099e-01 2.519919999999999938e-01
-1.040799999999999947e+00 2.431310000000000138e-01 5.588910000000000267e-01
-1.116549999999999931e+00 2.431310000000000138e-01 3.900629999999999931e-01
-1.181440000000000046e+00 -2.431310000000000138e-01 -2.566409999999999872e-02
-1.135620000000000074e+00 -6.938890000000000369e-18 1.801329999999999876e-01
-1.170560000000000045e+00 -2.431310000000000138e-01 1.596019999999999939e-01
-1.163890000000000091e+00 2.431310000000000138e-01 2.109300000000000064e-01
-1.181440000000000046e+00 2.431310000000000138e-01 2.566409999999999872e-02
-1.024610000000000021e+00 -6.938890000000000369e-18 5.217500000000000471e-01
-1.163720000000000088e+00 -4.608780000000000099e-01 5.339770000000000350e-01
-1.065579999999999972e+00 -2.431310000000000138e-01 5.134450000000000403e-01
-1.132600000000000051e+00 -2.431310000000000138e-01 3.406950000000000256e-01
-1.272040000000000060e+00 -4.608780000000000099e-01 1.493359999999999965e-01
-1.321730000000000071e+00 -6.278559999999999697e-01 5.853049999999999642e-01
-1.398749999999999938e+00 -6.278559999999999697e-01 3.714919999999999889e-01
-1.884859999999999980e+00 -7.781249999999999556e-01 -9.285160000000000635e-02
-1.649429999999999952e+00 -7.362199999999999855e-01 1.666950000000000098e-01
-1.876039999999999930e+00 -7.781249999999999556e-01 2.014140000000000097e-01
-1.440050000000000052e+00 -6.278559999999999697e-01 1.493359999999999965e-01
-1.444260000000000099e+00 -6.278559999999999697e-01 -7.699219999999999675e-02
-1.515460000000000029e+00 -7.362199999999999855e-01 6.674299999999999677e-01
-1.916979999999999906e+00 -7.457249999999999712e-01 8.827190000000000314e-01
-1.720390000000000086e+00 -7.781249999999999556e-01 7.712970000000000104e-01
-1.820130000000000026e+00 -7.781249999999999556e-01 4.915080000000000005e-01
-2.096769999999999801e+00 -7.457249999999999712e-01 2.463980000000000059e-01
-2.090700000000000003e+00 -6.311750000000000416e-01 9.823749999999999982e-01
-2.218059999999999921e+00 -6.311750000000000416e-01 6.420310000000000183e-01
-2.582440000000000069e+00 -2.377749999999999864e-01 -3.171870000000000245e-02
-2.449759999999999938e+00 -4.550130000000000008e-01 3.289839999999999987e-01
-2.554879999999999818e+00 -2.377749999999999864e-01 3.709689999999999932e-01
-2.292079999999999895e+00 -6.311750000000000416e-01 2.874610000000000221e-01
-2.310119999999999951e+00 -6.311750000000000416e-01 -7.324219999999999342e-02
-2.226620000000000044e+00 -4.550130000000000008e-01 1.070270000000000055e+00
-2.312300000000000022e+00 -2.377749999999999864e-01 1.142759999999999998e+00
-2.462450000000000028e+00 -2.377749999999999864e-01 7.655629999999999935e-01
-2.554879999999999818e+00 2.377749999999999864e-01 -3.709689999999999932e-01
-2.462450000000000028e+00 2.377749999999999864e-01 -7.655629999999999935e-01
-2.589809999999999945e+00 0.000000000000000000e+00 -4.090309999999999779e-01
-1.911980000000000013e+00 6.311750000000000416e-01 -1.298440000000000039e+00
-2.226620000000000044e+00 4.550130000000000008e-01 -1.070270000000000055e+00
-2.090700000000000003e+00 6.311750000000000416e-01 -9.823749999999999982e-01
-2.335649999999999782e+00 0.000000000000000000e+00 -1.191089999999999982e+00
-2.312300000000000022e+00 2.377749999999999864e-01 -1.142759999999999998e+00
-2.107870000000000132e+00 2.377749999999999864e-01 -1.492040000000000033e+00
-2.449759999999999938e+00 4.550130000000000008e-01 -3.289839999999999987e-01
-2.096769999999999801e+00 7.457249999999999712e-01 -2.463980000000000059e-01
-2.292079999999999895e+00 6.311750000000000416e-01 -2.874610000000000221e-01
-2.218059999999999921e+00 6.311750000000000416e-01 -6.420310000000000183e-01
-1.916979999999999906e+00 7.457249999999999712e-01 -8.827190000000000314e-01
-1.876039999999999930e+00 7.781249999999999556e-01 -2.014140000000000097e-01
-1.820130000000000026e+00 7.781249999999999556e-01 -4.915080000000000005e-01
-1.213680000000000092e+00 6.278559999999999697e-01 -7.866020000000000234e-01
-1.515460000000000029e+00 7.362199999999999855e-01 -6.674299999999999677e-01
-1.321730000000000071e+00 6.278559999999999697e-01 -5.853049999999999642e-01
-1.720390000000000086e+00 7.781249999999999556e-01 -7.712970000000000104e-01
-1.579460000000000086e+00 7.781249999999999556e-01 -1.032690000000000108e+00
-1.649429999999999952e+00 7.362199999999999855e-01 -1.666950000000000098e-01
-1.272040000000000060e+00 4.608780000000000099e-01 -1.493359999999999965e-01
-1.440050000000000052e+00 6.278559999999999697e-01 -1.493359999999999965e-01
-1.398749999999999938e+00 6.278559999999999697e-01 -3.714919999999999889e-01
-1.163720000000000088e+00 4.608780000000000099e-01 -5.339770000000000350e-01
-1.170560000000000045e+00 2.431310000000000138e-01 -1.596019999999999939e-01
-1.132600000000000051e+00 2.431310000000000138e-01 -3.406950000000000256e-01
-9.406949999999999479e-01 -2.431310000000000138e-01 -7.152030000000000332e-01
-1.024610000000000021e+00 -6.938890000000000369e-18 -5.217500000000000471e-01
-1.040799999999999947e+00 -2.431310000000000138e-01 -5.588910000000000267e-01
-1.065579999999999972e+00 2.431310000000000138e-01 -5.134450000000000403e-01
-9.708710000000000395e-01 2.431310000000000138e-01 -6.736799999999999455e-01
-1.135620000000000074e+00 -6.938890000000000369e-18 -1.801329999999999876e-01
-1.255360000000000031e+00 -4.608780000000000099e-01 -2.519919999999999938e-01
-1.163890000000000091e+00 -2.431310000000000138e-01 -2.109300000000000064e-01
-1.116549999999999931e+00 -2.431310000000000138e-01 -3.900629999999999931e-01
-1.116870000000000029e+00 -4.608780000000000099e-01 -6.268280000000000518e-01
-1.413359999999999950e+00 -6.278559999999999697e-01 -3.033199999999999785e-01
-1.349990000000000023e+00 -6.278559999999999697e-01 -5.215549999999999908e-01
-1.470290000000000097e+00 -7.781249999999999556e-01 -1.182919999999999972e+00
-1.432399999999999896e+00 -7.362199999999999855e-01 -8.345620000000000260e-01
-1.636139999999999928e+00 -7.781249999999999556e-01 -9.396409999999999485e-01
-1.252799999999999914e+00 -6.278559999999999697e-01 -7.255620000000000402e-01
-1.123150000000000093e+00 -6.278559999999999697e-01 -9.111719999999999819e-01
-1.618379999999999930e+00 -7.362199999999999855e-01 -3.507270000000000110e-01
-2.069780000000000175e+00 -7.457249999999999712e-01 -4.124920000000000253e-01
-1.845229999999999926e+00 -7.781249999999999556e-01 -3.871169999999999889e-01
-1.761449999999999960e+00 -7.781249999999999556e-01 -6.720779999999999532e-01
-1.841159999999999908e+00 -7.457249999999999712e-01 -1.032950000000000035e+00
-2.268909999999999982e+00 -6.311750000000000416e-01 -4.339450000000000252e-01
-2.171870000000000189e+00 -6.311750000000000416e-01 -7.841329999999999689e-01
-2.070570000000000022e+00 -2.377749999999999864e-01 -1.543369999999999909e+00
-2.175279999999999880e+00 -4.550130000000000008e-01 -1.173550000000000093e+00
-2.285010000000000208e+00 -2.377749999999999864e-01 -1.201349999999999918e+00
-2.023309999999999942e+00 -6.311750000000000416e-01 -1.114500000000000046e+00
-1.825860000000000039e+00 -6.311750000000000416e-01 -1.416949999999999932e+00
-2.430559999999999832e+00 -4.550130000000000008e-01 -4.427110000000000212e-01
-2.542499999999999982e+00 -2.377749999999999864e-01 -4.344060000000000143e-01
-2.442219999999999835e+00 -2.377749999999999864e-01 -8.277889999999999970e-01
-1.848840000000000039e+00 2.377749999999999864e-01 -1.801679999999999948e+00
-1.542100000000000026e+00 2.377749999999999864e-01 -2.066660000000000164e+00
-1.854729999999999990e+00 0.000000000000000000e+00 -1.853010000000000046e+00
-7.835469999999999935e-01 6.311750000000000416e-01 -2.174370000000000136e+00
-1.172209999999999974e+00 4.550130000000000008e-01 -2.174650000000000194e+00
-1.113909999999999956e+00 6.311750000000000416e-01 -2.023660000000000014e+00
-1.189389999999999947e+00 0.000000000000000000e+00 -2.336479999999999890e+00
-1.198909999999999920e+00 2.377749999999999864e-01 -2.283650000000000180e+00
-8.282110000000000305e-01 2.377749999999999864e-01 -2.446120000000000072e+00
-1.788480000000000070e+00 4.550130000000000008e-01 -1.705950000000000077e+00
-1.551460000000000061e+00 7.457249999999999712e-01 -1.431720000000000104e+00
-1.685329999999999995e+00 6.311750000000000416e-01 -1.579700000000000104e+00
-1.417010000000000103e+00 6.311750000000000416e-01 -1.823120000000000074e+00
-1.031949999999999923e+00 7.457249999999999712e-01 -1.840959999999999930e+00
-1.399340000000000028e+00 7.781249999999999556e-01 -1.265619999999999967e+00
-1.183570000000000011e+00 7.781249999999999556e-01 -1.467519999999999936e+00
-5.195229999999999571e-01 6.278559999999999697e-01 -1.349949999999999983e+00
-8.336949999999999639e-01 7.362199999999999855e-01 -1.430860000000000021e+00
-7.252420000000000533e-01 6.278559999999999697e-01 -1.250580000000000025e+00
-9.384190000000000031e-01 7.781249999999999556e-01 -1.635299999999999976e+00
-6.707720000000000349e-01 7.781249999999999556e-01 -1.763980000000000103e+00
-1.236410000000000009e+00 7.362199999999999855e-01 -1.104379999999999917e+00
-9.412930000000000463e-01 4.608780000000000099e-01 -8.685549999999999660e-01
-1.077220000000000066e+00 6.278559999999999697e-01 -9.672889999999999544e-01
-9.132270000000000110e-01 6.278559999999999697e-01 -1.122810000000000086e+00
-6.275859999999999772e-01 4.608780000000000099e-01 -1.116200000000000081e+00
-8.531600000000000295e-01 2.431310000000000138e-01 -8.172270000000000367e-01
-7.160039999999999738e-01 2.431310000000000138e-01 -9.414919999999999956e-01
-3.406480000000000063e-01 -2.431310000000000138e-01 -1.131780000000000008e+00
-5.222269999999999968e-01 -6.938890000000000369e-18 -1.024559999999999915e+00
-5.134919999999999485e-01 -2.431310000000000138e-01 -1.064130000000000020e+00
-5.602580000000000338e-01 2.431310000000000138e-01 -1.041919999999999957e+00
-3.894770000000000176e-01 2.431310000000000138e-01 -1.115920000000000023e+00
-8.128239999999999910e-01 -6.938890000000000369e-18 -8.133049999999999446e-01
-8.674450000000000216e-01 -4.608780000000000099e-01 -9.417969999999999953e-01
-8.175860000000000349e-01 -2.431310000000000138e-01 -8.548280000000000323e-01
-6.740000000000000435e-01 -2.431310000000000138e-01 -9.719999999999999751e-01
-5.350859999999999506e-01 -4.608780000000000099e-01 -1.163780000000000037e+00
-9.651020000000000154e-01 -6.278559999999999697e-01 -1.076170000000000071e+00
-7.855469999999999953e-01 -6.278559999999999697e-01 -1.215549999999999908e+00
-4.941079999999999917e-01 -7.781249999999999556e-01 -1.821360000000000090e+00
-6.682270000000000154e-01 -7.362199999999999855e-01 -1.517249999999999988e+00
-7.712830000000000519e-01 -7.781249999999999556e-01 -1.721980000000000066e+00
-5.870079999999999742e-01 -6.278559999999999697e-01 -1.323530000000000095e+00
-3.730390000000000095e-01 -6.278559999999999697e-01 -1.397529999999999939e+00
-1.103099999999999969e+00 -7.362199999999999855e-01 -1.235000000000000098e+00
-1.431980000000000031e+00 -7.457249999999999712e-01 -1.550229999999999997e+00
-1.265230000000000077e+00 -7.781249999999999556e-01 -1.397750000000000048e+00
-1.029930000000000012e+00 -7.781249999999999556e-01 -1.579110000000000014e+00
-8.822889999999999899e-01 -7.457249999999999712e-01 -1.917950000000000044e+00
-1.580470000000000041e+00 -6.311750000000000416e-01 -1.684609999999999941e+00
-1.296110000000000095e+00 -6.311750000000000416e-01 -1.910949999999999926e+00
-7.678519999999999790e-01 -2.377749999999999864e-01 -2.465730000000000199e+00
-1.069949999999999957e+00 -4.550130000000000008e-01 -2.228050000000000086e+00
-1.142379999999999951e+00 -2.377749999999999864e-01 -2.315020000000000078e+00
-9.817139999999999755e-01 -6.311750000000000416e-01 -2.090969999999999995e+00
-6.441799999999999748e-01 -6.311750000000000416e-01 -2.219640000000000057e+00
-1.706090000000000106e+00 -4.550130000000000008e-01 -1.786689999999999889e+00
-1.801539999999999919e+00 -2.377749999999999864e-01 -1.845739999999999936e+00
-1.489160000000000039e+00 -2.377749999999999864e-01 -2.105129999999999946e+00
-4.366479999999999806e-01 2.377749999999999864e-01 -2.544379999999999864e+00
-3.273589999999999833e-02 2.377749999999999864e-01 -2.578450000000000131e+00
-4.112270000000000092e-01 0.000000000000000000e+00 -2.589370000000000172e+00
6.441799999999999748e-01 6.311750000000000416e-01 -2.219640000000000057e+00
3.299529999999999963e-01 4.550130000000000008e-01 -2.448360000000000092e+00
2.883359999999999812e-01 6.311750000000000416e-01 -2.291949999999999932e+00
4.112270000000000092e-01 0.000000000000000000e+00 -2.589370000000000172e+00
3.724549999999999805e-01 2.377749999999999864e-01 -2.552230000000000221e+00
7.678519999999999790e-01 2.377749999999999864e-01 -2.465730000000000199e+00
-4.441060000000000008e-01 4.550130000000000008e-01 -2.431459999999999955e+00
-4.135780000000000012e-01 7.457249999999999712e-01 -2.070320000000000160e+00
-4.348779999999999868e-01 6.311750000000000416e-01 -2.268710000000000004e+00
-7.474530000000000063e-02 6.311750000000000416e-01 -2.307910000000000128e+00
2.472109999999999863e-01 7.457249999999999712e-01 -2.095979999999999954e+00
-3.881560000000000010e-01 7.781249999999999556e-01 -1.846549999999999914e+00
-9.496250000000000524e-02 7.781249999999999556e-01 -1.883040000000000047e+00
3.730390000000000095e-01 6.278559999999999697e-01 -1.397529999999999939e+00
1.664829999999999921e-01 7.362199999999999855e-01 -1.647699999999999942e+00
1.482269999999999976e-01 6.278559999999999697e-01 -1.438129999999999908e+00
2.019640000000000046e-01 7.781249999999999556e-01 -1.874640000000000084e+00
4.941079999999999917e-01 7.781249999999999556e-01 -1.821360000000000090e+00
-3.511529999999999929e-01 7.362199999999999855e-01 -1.620370000000000088e+00
-2.510390000000000121e-01 4.608780000000000099e-01 -1.256170000000000009e+00
-3.029609999999999803e-01 6.278559999999999697e-01 -1.415920000000000067e+00
-7.891410000000000091e-02 6.278559999999999697e-01 -1.445310000000000095e+00
1.482269999999999976e-01 4.608780000000000099e-01 -1.272029999999999994e+00
-2.099139999999999895e-01 2.431310000000000138e-01 -1.162860000000000005e+00
-2.596089999999999856e-02 2.431310000000000138e-01 -1.182730000000000059e+00
3.894770000000000176e-01 -2.431310000000000138e-01 -1.115920000000000023e+00
1.795859999999999956e-01 -6.938890000000000369e-18 -1.135979999999999990e+00
2.099139999999999895e-01 -2.431310000000000138e-01 -1.162860000000000005e+00
1.590229999999999977e-01 2.431310000000000138e-01 -1.172369999999999912e+00
3.406480000000000063e-01 2.431310000000000138e-01 -1.131780000000000008e+00
-1.795859999999999956e-01 -6.938890000000000369e-18 -1.135979999999999990e+00
-1.482269999999999976e-01 -4.608780000000000099e-01 -1.272029999999999994e+00
-1.590229999999999977e-01 -2.431310000000000138e-01 -1.172369999999999912e+00
2.596089999999999856e-02 -2.431310000000000138e-01 -1.182730000000000059e+00
2.510390000000000121e-01 -4.608780000000000099e-01 -1.256170000000000009e+00
-1.482269999999999976e-01 -6.278559999999999697e-01 -1.438120000000000065e+00
7.891410000000000091e-02 -6.278559999999999697e-01 -1.445310000000000095e+00
6.707720000000000349e-01 -7.781249999999999556e-01 -1.763980000000000103e+00
3.511529999999999929e-01 -7.362199999999999855e-01 -1.620370000000000088e+00
3.881560000000000010e-01 -7.781249999999999556e-01 -1.846549999999999914e+00
3.029609999999999803e-01 -6.278559999999999697e-01 -1.415920000000000067e+00
5.195229999999999571e-01 -6.278559999999999697e-01 -1.349949999999999983e+00
-1.664829999999999921e-01 -7.362199999999999855e-01 -1.647699999999999942e+00
-2.472109999999999863e-01 -7.457249999999999712e-01 -2.095979999999999954e+00
-2.019640000000000046e-01 -7.781249999999999556e-01 -1.874640000000000084e+00
9.496250000000000524e-02 -7.781249999999999556e-01 -1.883040000000000047e+00
4.135780000000000012e-01 -7.457249999999999712e-01 -2.070320000000000160e+00
-2.883359999999999812e-01 -6.311750000000000416e-01 -2.291949999999999932e+00
7.474530000000000063e-02 -6.311750000000000416e-01 -2.307910000000000128e+00
8.282110000000000305e-01 -2.377749999999999864e-01 -2.446120000000000072e+00
4.441060000000000008e-01 -4.550130000000000008e-01 -2.431459999999999955e+00
4.366479999999999806e-01 -2.377749999999999864e-01 -2.544379999999999864e+00
4.348779999999999868e-01 -6.311750000000000416e-01 -2.268710000000000004e+00
7.835469999999999935e-01 -6.311750000000000416e-01 -2.174370000000000136e+00
-3.299529999999999963e-01 -4.550130000000000008e-01 -2.448360000000000092e+00
-3.724549999999999805e-01 -2.377749999999999864e-01 -2.552230000000000221e+00
3.273589999999999833e-02 -2.377749999999999864e-01 -2.578450000000000131e+00
1.142379999999999951e+00 2.377749999999999864e-01 -2.315020000000000078e+00
1.489160000000000039e+00 2.377749999999999864e-01 -2.105129999999999946e+00
1.189389999999999947e+00 0.000000000000000000e+00 -2.336479999999999890e+00
1.825860000000000039e+00 6.311750000000000416e-01 -1.416949999999999932e+00
1.706090000000000106e+00 4.550130000000000008e-01 -1.786689999999999889e+00
1.580470000000000041e+00 6.311750000000000416e-01 -1.684609999999999941e+00
1.854729999999999990e+00 0.000000000000000000e+00 -1.853010000000000046e+00
1.801539999999999919e+00 2.377749999999999864e-01 -1.845739999999999936e+00
2.070570000000000022e+00 2.377749999999999864e-01 -1.543369999999999909e+00
1.069949999999999957e+00 4.550130000000000008e-01 -2.228050000000000086e+00
8.822889999999999899e-01 7.457249999999999712e-01 -1.917950000000000044e+00
9.817139999999999755e-01 6.311750000000000416e-01 -2.090969999999999995e+00
1.296110000000000095e+00 6.311750000000000416e-01 -1.910949999999999926e+00
1.431980000000000031e+00 7.457249999999999712e-01 -1.550229999999999997e+00
7.712830000000000519e-01 7.781249999999999556e-01 -1.721980000000000066e+00
1.029930000000000012e+00 7.781249999999999556e-01 -1.579110000000000014e+00
1.123150000000000093e+00 6.278559999999999697e-01 -9.111719999999999819e-01
1.103099999999999969e+00 7.362199999999999855e-01 -1.235000000000000098e+00
9.651020000000000154e-01 6.278559999999999697e-01 -1.076170000000000071e+00
1.265230000000000077e+00 7.781249999999999556e-01 -1.397750000000000048e+00
1.470290000000000097e+00 7.781249999999999556e-01 -1.182919999999999972e+00
6.682270000000000154e-01 7.362199999999999855e-01 -1.517249999999999988e+00
5.350859999999999506e-01 4.608780000000000099e-01 -1.163780000000000037e+00
5.870079999999999742e-01 6.278559999999999697e-01 -1.323530000000000095e+00
7.855469999999999953e-01 6.278559999999999697e-01 -1.215549999999999908e+00
8.674450000000000216e-01 4.608780000000000099e-01 -9.417969999999999953e-01
5.134919999999999485e-01 2.431310000000000138e-01 -1.064130000000000020e+00
6.740000000000000435e-01 2.431310000000000138e-01 -9.719999999999999751e-01
9.708710000000000395e-01 -2.431310000000000138e-01 -6.736799999999999455e-01
8.128239999999999910e-01 -6.938890000000000369e-18 -8.133049999999999446e-01
8.531600000000000295e-01 -2.431310000000000138e-01 -8.172270000000000367e-01
8.175860000000000349e-01 2.431310000000000138e-01 -8.548280000000000323e-01
9.406949999999999479e-01 2.431310000000000138e-01 -7.152030000000000332e-01
5.222269999999999968e-01 -6.938890000000000369e-18 -1.024559999999999915e+00
6.275859999999999772e-01 -4.608780000000000099e-01 -1.116200000000000081e+00
5.602580000000000338e-01 -2.431310000000000138e-01 -1.041919999999999957e+00
7.160039999999999738e-01 -2.431310000000000138e-01 -9.414919999999999956e-01
9.412930000000000463e-01 -4.608780000000000099e-01 -8.685549999999999660e-01
7.252420000000000533e-01 -6.278559999999999697e-01 -1.250580000000000025e+00
9.132270000000000110e-01 -6.278559999999999697e-01 -1.122810000000000086e+00
1.579460000000000086e+00 -7.781249999999999556e-01 -1.032690000000000108e+00
1.236410000000000009e+00 -7.362199999999999855e-01 -1.104379999999999917e+00
1.399340000000000028e+00 -7.781249999999999556e-01 -1.265630000000000033e+00
1.077220000000000066e+00 -6.278559999999999697e-01 -9.672889999999999544e-01
1.213680000000000092e+00 -6.278559999999999697e-01 -7.866020000000000234e-01
8.336949999999999639e-01 -7.362199999999999855e-01 -1.430860000000000021e+00
1.031949999999999923e+00 -7.457249999999999712e-01 -1.840959999999999930e+00
9.384190000000000031e-01 -7.781249999999999556e-01 -1.635299999999999976e+00
1.183570000000000011e+00 -7.781249999999999556e-01 -1.467519999999999936e+00
1.551460000000000061e+00 -7.457249999999999712e-01 -1.431720000000000104e+00
1.113909999999999956e+00 -6.311750000000000416e-01 -2.023660000000000014e+00
1.417010000000000103e+00 -6.311750000000000416e-01 -1.823120000000000074e+00
2.107870000000000132e+00 -2.377749999999999864e-01 -1.492040000000000033e+00
1.788480000000000070e+00 -4.550130000000000008e-01 -1.705950000000000077e+00
1.848840000000000039e+00 -2.377749999999999864e-01 -1.801679999999999948e+00
1.685329999999999995e+00 -6.311750000000000416e-01 -1.579700000000000104e+00
1.911980000000000013e+00 -6.311750000000000416e-01 -1.298440000000000039e+00
1.172209999999999974e+00 -4.550130000000000008e-01 -2.174650000000000194e+00
1.198909999999999920e+00 -2.377749999999999864e-01 -2.283650000000000180e+00
1.542100000000000026e+00 -2.377749999999999864e-01 -2.066660000000000164e+00
2.285010000000000208e+00 2.377749999999999864e-01 -1.201349999999999918e+00
2.442219999999999835e+00 2.377749999999999864e-01 -8.277889999999999970e-01
2.335649999999999782e+00 0.000000000000000000e+00 -1.191089999999999982e+00
2.430559999999999832e+00 4.550120000000000275e-01 -4.427110000000000212e-01
2.268909999999999982e+00 6.311750000000000416e-01 -4.339450000000000252e-01
2.589809999999999945e+00 0.000000000000000000e+00 -4.090309999999999779e-01
2.542499999999999982e+00 2.377749999999999864e-01 -4.344060000000000143e-01
2.175279999999999880e+00 4.550130000000000008e-01 -1.173550000000000093e+00
1.841159999999999908e+00 7.457249999999999712e-01 -1.032950000000000035e+00
2.023309999999999942e+00 6.311750000000000416e-01 -1.114500000000000046e+00
2.171870000000000189e+00 6.311750000000000416e-01 -7.841329999999999689e-01
2.069780000000000175e+00 7.457249999999999712e-01 -4.124920000000000253e-01
1.636139999999999928e+00 7.781249999999999556e-01 -9.396409999999999485e-01
1.761449999999999960e+00 7.781249999999999556e-01 -6.720779999999999532e-01
1.618379999999999930e+00 7.362199999999999855e-01 -3.507270000000000110e-01
1.413359999999999950e+00 6.278559999999999697e-01 -3.033199999999999785e-01
1.845229999999999926e+00 7.781249999999999556e-01 -3.871169999999999889e-01
1.432399999999999896e+00 7.362199999999999855e-01 -8.345620000000000260e-01
1.116870000000000029e+00 4.608780000000000099e-01 -6.268280000000000518e-01
1.252799999999999914e+00 6.278559999999999697e-01 -7.255620000000000402e-01
1.349990000000000023e+00 6.278559999999999697e-01 -5.215549999999999908e-01
1.255360000000000031e+00 4.608780000000000099e-01 -2.519919999999999938e-01
1.040799999999999947e+00 2.431310000000000138e-01 -5.588910000000000267e-01
1.116549999999999931e+00 2.431310000000000138e-01 -3.900629999999999931e-01
1.135620000000000074e+00 0.000000000000000000e+00 -1.801329999999999876e-01
1.170560000000000045e+00 -2.431310000000000138e-01 -1.596019999999999939e-01
1.163890000000000091e+00 2.431310000000000138e-01 -2.109300000000000064e-01
1.024610000000000021e+00 -6.938890000000000369e-18 -5.217500000000000471e-01
1.163720000000000088e+00 -4.608780000000000099e-01 -5.339770000000000350e-01
1.065579999999999972e+00 -2.431310000000000138e-01 -5.134450000000000403e-01
1.132600000000000051e+00 -2.431310000000000138e-01 -3.406950000000000256e-01
1.272040000000000060e+00 -4.608780000000000099e-01 -1.493359999999999965e-01
1.321730000000000071e+00 -6.278559999999999697e-01 -5.853049999999999642e-01
1.398749999999999938e+00 -6.278559999999999697e-01 -3.714919999999999889e-01
1.649429999999999952e+00 -7.362199999999999855e-01 -1.666950000000000098e-01
1.876039999999999930e+00 -7.781249999999999556e-01 -2.014140000000000097e-01
1.440050000000000052e+00 -6.278559999999999697e-01 -1.493359999999999965e-01
1.515460000000000029e+00 -7.362199999999999855e-01 -6.674299999999999677e-01
1.916979999999999906e+00 -7.457249999999999712e-01 -8.827190000000000314e-01
1.720390000000000086e+00 -7.781249999999999556e-01 -7.712970000000000104e-01
1.820130000000000026e+00 -7.781249999999999556e-01 -4.915080000000000005e-01
2.096769999999999801e+00 -7.457249999999999712e-01 -2.463980000000000059e-01
2.090700000000000003e+00 -6.311750000000000416e-01 -9.823749999999999982e-01
2.218059999999999921e+00 -6.311750000000000416e-01 -6.420310000000000183e-01
2.449759999999999938e+00 -4.550130000000000008e-01 -3.289839999999999987e-01
2.554879999999999818e+00 -2.377749999999999864e-01 -3.709689999999999932e-01
2.292079999999999895e+00 -6.311750000000000416e-01 -2.874610000000000221e-01
2.226620000000000044e+00 -4.550130000000000008e-01 -1.070270000000000055e+00
2.312300000000000022e+00 -2.377749999999999864e-01 -1.142759999999999998e+00
2.462450000000000028e+00 -2.377749999999999864e-01 -7.655629999999999935e-01
